   1.0000000e+00   5.8993369e-17
   1.0030759e+00   5.5793451e-17
   1.0061612e+00   5.2800081e-17
   1.0092560e+00   4.9997194e-17
   1.0123603e+00   4.7370227e-17
   1.0154742e+00   4.4905948e-17
   1.0185976e+00   4.2592318e-17
   1.0217307e+00   4.0418360e-17
   1.0248734e+00   3.8374052e-17
   1.0280258e+00   3.6450225e-17
   1.0311878e+00   3.4638482e-17
   1.0343596e+00   3.2931117e-17
   1.0375412e+00   3.1321052e-17
   1.0407325e+00   2.9801775e-17
   1.0439336e+00   2.8367307e-17
   1.0471446e+00   2.7012102e-17
   1.0503655e+00   2.5731051e-17
   1.0535963e+00   2.4519433e-17
   1.0568370e+00   2.3372877e-17
   1.0600877e+00   2.2287334e-17
   1.0633483e+00   2.1259050e-17
   1.0666191e+00   2.0284539e-17
   1.0698998e+00   1.9360562e-17
   1.0731907e+00   1.8484105e-17
   1.0764917e+00   1.7652365e-17
   1.0798028e+00   1.6862728e-17
   1.0831241e+00   1.6112763e-17
   1.0864557e+00   1.5400188e-17
   1.0897974e+00   1.4722880e-17
   1.0931495e+00   1.4078855e-17
   1.0965119e+00   1.3466254e-17
   1.0998846e+00   1.2883340e-17
   1.1032677e+00   1.2328485e-17
   1.1066612e+00   1.1800162e-17
   1.1100651e+00   1.1296940e-17
   1.1134795e+00   1.0817476e-17
   1.1169044e+00   1.0360508e-17
   1.1203398e+00   9.9248508e-18
   1.1237859e+00   9.5093891e-18
   1.1272425e+00   9.1130751e-18
   1.1307097e+00   8.7349218e-18
   1.1341876e+00   8.3739999e-18
   1.1376762e+00   8.0294338e-18
   1.1411755e+00   7.7003977e-18
   1.1446856e+00   7.3861133e-18
   1.1482065e+00   7.0858456e-18
   1.1517382e+00   6.7989013e-18
   1.1552808e+00   6.5246251e-18
   1.1588343e+00   6.2623981e-18
   1.1623987e+00   6.0116350e-18
   1.1659741e+00   5.7717824e-18
   1.1695605e+00   5.5423169e-18
   1.1731579e+00   5.3227431e-18
   1.1767663e+00   5.1125917e-18
   1.1803859e+00   4.9114183e-18
   1.1840166e+00   4.7188018e-18
   1.1876585e+00   4.5343432e-18
   1.1913115e+00   4.3576638e-18
   1.1949758e+00   4.1884046e-18
   1.1986514e+00   4.0262249e-18
   1.2023383e+00   3.8708013e-18
   1.2060365e+00   3.7218288e-18
   1.2097461e+00   3.5790140e-18
   1.2134671e+00   3.4420793e-18
   1.2171996e+00   3.3107613e-18
   1.2209435e+00   3.1848097e-18
   1.2246989e+00   3.0639864e-18
   1.2284659e+00   2.9480648e-18
   1.2322445e+00   2.8368296e-18
   1.2360347e+00   2.7300754e-18
   1.2398366e+00   2.6276071e-18
   1.2436502e+00   2.5292387e-18
   1.2474755e+00   2.4347929e-18
   1.2513125e+00   2.3441003e-18
   1.2551614e+00   2.2570005e-18
   1.2590221e+00   2.1733400e-18
   1.2628946e+00   2.0929723e-18
   1.2667791e+00   2.0157577e-18
   1.2706756e+00   1.9415627e-18
   1.2745840e+00   1.8702595e-18
   1.2785044e+00   1.8017261e-18
   1.2824369e+00   1.7358451e-18
   1.2863815e+00   1.6725037e-18
   1.2903382e+00   1.6115927e-18
   1.2943071e+00   1.5530152e-18
   1.2982882e+00   1.4966985e-18
   1.3022816e+00   1.4425301e-18
   1.3062872e+00   1.3904216e-18
   1.3103052e+00   1.3402879e-18
   1.3143355e+00   1.2920478e-18
   1.3183782e+00   1.2456232e-18
   1.3224333e+00   1.2009392e-18
   1.3265010e+00   1.1579240e-18
   1.3305811e+00   1.1165082e-18
   1.3346738e+00   1.0766252e-18
   1.3387790e+00   1.0382106e-18
   1.3428969e+00   1.0012269e-18
   1.3470275e+00   9.6562724e-19
   1.3511708e+00   9.3133262e-19
   1.3553268e+00   8.9828984e-19
   1.3594956e+00   8.6644770e-19
   1.3636772e+00   8.3575692e-19
   1.3678716e+00   8.0617000e-19
   1.3720790e+00   7.7764108e-19
   1.3762993e+00   7.5012590e-19
   1.3805326e+00   7.2358163e-19
   1.3847790e+00   6.9796680e-19
   1.3890384e+00   6.7324116e-19
   1.3933108e+00   6.4942887e-19
   1.3975965e+00   6.2647193e-19
   1.4018953e+00   6.0431039e-19
   1.4062073e+00   5.8291094e-19
   1.4105326e+00   5.6224139e-19
   1.4148712e+00   5.4227060e-19
   1.4192231e+00   5.2296839e-19
   1.4235885e+00   5.0430553e-19
   1.4279672e+00   4.8625368e-19
   1.4323594e+00   4.6878531e-19
   1.4367652e+00   4.5187372e-19
   1.4411845e+00   4.3549295e-19
   1.4456173e+00   4.1975074e-19
   1.4500639e+00   4.0452280e-19
   1.4545241e+00   3.8977508e-19
   1.4589980e+00   3.7548649e-19
   1.4634856e+00   3.6163673e-19
   1.4679871e+00   3.4820624e-19
   1.4725024e+00   3.3517623e-19
   1.4770316e+00   3.2252864e-19
   1.4815748e+00   3.1024620e-19
   1.4861319e+00   2.9831243e-19
   1.4907030e+00   2.8671165e-19
   1.4952882e+00   2.7545333e-19
   1.4998875e+00   2.6467577e-19
   1.5045009e+00   2.5420760e-19
   1.5091286e+00   2.4403694e-19
   1.5137704e+00   2.3415273e-19
   1.5184266e+00   2.2454470e-19
   1.5230970e+00   2.1520339e-19
   1.5277819e+00   2.0612018e-19
   1.5324811e+00   1.9728729e-19
   1.5371948e+00   1.8869778e-19
   1.5419230e+00   1.8034554e-19
   1.5466657e+00   1.7222529e-19
   1.5514231e+00   1.6440449e-19
   1.5561950e+00   1.5694871e-19
   1.5609817e+00   1.4971930e-19
   1.5657830e+00   1.4271242e-19
   1.5705991e+00   1.3592473e-19
   1.5754301e+00   1.2935328e-19
   1.5802759e+00   1.2299551e-19
   1.5851366e+00   1.1684915e-19
   1.5900122e+00   1.1091215e-19
   1.5949029e+00   1.0518266e-19
   1.5998086e+00   9.9658901e-20
   1.6047294e+00   9.4339133e-20
   1.6096653e+00   8.9312867e-20
   1.6146164e+00   8.4553694e-20
   1.6195827e+00   7.9986264e-20
   1.6245643e+00   7.5607405e-20
   1.6295613e+00   7.1413809e-20
   1.6345736e+00   6.7402010e-20
   1.6396013e+00   6.3568367e-20
   1.6446445e+00   5.9909057e-20
   1.6497031e+00   5.6420068e-20
   1.6547774e+00   5.3097201e-20
   1.6598673e+00   4.9936077e-20
   1.6649728e+00   4.6932147e-20
   1.6700940e+00   4.4151625e-20
   1.6752310e+00   4.1532055e-20
   1.6803837e+00   3.9047594e-20
   1.6855524e+00   3.6693327e-20
   1.6907369e+00   3.4464330e-20
   1.6959373e+00   3.2355686e-20
   1.7011538e+00   3.0362497e-20
   1.7063863e+00   2.8479906e-20
   1.7116349e+00   2.6703111e-20
   1.7168997e+00   2.5027379e-20
   1.7221806e+00   2.3448060e-20
   1.7274778e+00   2.1960597e-20
   1.7327913e+00   2.0601699e-20
   1.7381211e+00   1.9321505e-20
   1.7434673e+00   1.8115926e-20
   1.7488300e+00   1.6981162e-20
   1.7542091e+00   1.5913551e-20
   1.7596048e+00   1.4909563e-20
   1.7650171e+00   1.3965804e-20
   1.7704460e+00   1.3079018e-20
   1.7758917e+00   1.2246082e-20
   1.7813541e+00   1.1464011e-20
   1.7868333e+00   1.0729951e-20
   1.7923293e+00   1.0045058e-20
   1.7978423e+00   9.4158309e-21
   1.8033722e+00   8.8247903e-21
   1.8089191e+00   8.2697565e-21
   1.8144831e+00   7.7486590e-21
   1.8200642e+00   7.2595326e-21
   1.8256624e+00   6.8005134e-21
   1.8312779e+00   6.3698354e-21
   1.8369106e+00   5.9658266e-21
   1.8425607e+00   5.5869045e-21
   1.8482282e+00   5.2315732e-21
   1.8539131e+00   4.8984189e-21
   1.8596154e+00   4.5892625e-21
   1.8653353e+00   4.3032149e-21
   1.8710728e+00   4.0347233e-21
   1.8768280e+00   3.7827412e-21
   1.8826009e+00   3.5462815e-21
   1.8883915e+00   3.3244131e-21
   1.8941999e+00   3.1162581e-21
   1.9000262e+00   2.9209895e-21
   1.9058704e+00   2.7378276e-21
   1.9117326e+00   2.5660386e-21
   1.9176128e+00   2.4049313e-21
   1.9235111e+00   2.2538550e-21
   1.9294276e+00   2.1141133e-21
   1.9353622e+00   1.9839546e-21
   1.9413151e+00   1.8617608e-21
   1.9472863e+00   1.7470532e-21
   1.9532759e+00   1.6393814e-21
   1.9592839e+00   1.5383211e-21
   1.9653104e+00   1.4434733e-21
   1.9713554e+00   1.3544626e-21
   1.9774190e+00   1.2709358e-21
   1.9835012e+00   1.1925608e-21
   1.9896022e+00   1.1190252e-21
   1.9957219e+00   1.0500354e-21
   2.0018605e+00   9.8635755e-22
   2.0080179e+00   9.2671353e-22
   2.0141943e+00   8.7069976e-22
   2.0203897e+00   8.1809940e-22
   2.0266041e+00   7.6870846e-22
   2.0328377e+00   7.2233505e-22
   2.0390904e+00   6.7879868e-22
   2.0453623e+00   6.3792960e-22
   2.0516536e+00   5.9956815e-22
   2.0579642e+00   5.6356423e-22
   2.0642942e+00   5.2977667e-22
   2.0706437e+00   4.9811615e-22
   2.0770127e+00   4.6886275e-22
   2.0834013e+00   4.4138941e-22
   2.0898095e+00   4.1559131e-22
   2.0962375e+00   3.9136983e-22
   2.1026852e+00   3.6863217e-22
   2.1091528e+00   3.4729100e-22
   2.1156402e+00   3.2726415e-22
   2.1221476e+00   3.0847429e-22
   2.1286750e+00   2.9084865e-22
   2.1352226e+00   2.7431877e-22
   2.1417902e+00   2.5882018e-22
   2.1483780e+00   2.4435652e-22
   2.1549861e+00   2.3093862e-22
   2.1616146e+00   2.1835452e-22
   2.1682634e+00   2.0655585e-22
   2.1749327e+00   1.9549701e-22
   2.1816224e+00   1.8513497e-22
   2.1883328e+00   1.7542917e-22
   2.1950638e+00   1.6634129e-22
   2.2018155e+00   1.5783516e-22
   2.2085880e+00   1.4987663e-22
   2.2153813e+00   1.4243340e-22
   2.2221955e+00   1.3547493e-22
   2.2290306e+00   1.2901521e-22
   2.2358868e+00   1.2301502e-22
   2.2427641e+00   1.1740634e-22
   2.2496625e+00   1.1216560e-22
   2.2565822e+00   1.0727043e-22
   2.2635231e+00   1.0269962e-22
   2.2704854e+00   9.8432991e-23
   2.2774691e+00   9.4451401e-23
   2.2844742e+00   9.0736654e-23
   2.2915009e+00   8.7271472e-23
   2.2985493e+00   8.4039447e-23
   2.3056193e+00   8.1025006e-23
   2.3127110e+00   7.8234312e-23
   2.3198246e+00   7.5635869e-23
   2.3269601e+00   7.3208675e-23
   2.3341175e+00   7.0940691e-23
   2.3412969e+00   6.8820545e-23
   2.3484984e+00   6.6837510e-23
   2.3557220e+00   6.4981490e-23
   2.3629679e+00   6.3242993e-23
   2.3702360e+00   6.1613118e-23
   2.3775265e+00   6.0083534e-23
   2.3848395e+00   5.8646456e-23
   2.3921749e+00   5.7294625e-23
   2.3995329e+00   5.6029318e-23
   2.4069135e+00   5.4835093e-23
   2.4143168e+00   5.3705895e-23
   2.4217429e+00   5.2636539e-23
   2.4291919e+00   5.1622235e-23
   2.4366637e+00   5.0658562e-23
   2.4441586e+00   4.9741450e-23
   2.4516764e+00   4.8867155e-23
   2.4592175e+00   4.8032241e-23
   2.4667817e+00   4.7233557e-23
   2.4743691e+00   4.6468217e-23
   2.4819799e+00   4.5734005e-23
   2.4896142e+00   4.5029881e-23
   2.4972719e+00   4.4351404e-23
   2.5049531e+00   4.3683481e-23
   2.5126580e+00   4.3030796e-23
   2.5203866e+00   4.2399083e-23
   2.5281389e+00   4.1786842e-23
   2.5359151e+00   4.1192705e-23
   2.5437152e+00   4.0615429e-23
   2.5515393e+00   4.0053881e-23
   2.5593875e+00   3.9507030e-23
   2.5672598e+00   3.8973940e-23
   2.5751563e+00   3.8454003e-23
   2.5830772e+00   3.7946502e-23
   2.5910223e+00   3.7450308e-23
   2.5989920e+00   3.6964795e-23
   2.6069861e+00   3.6489391e-23
   2.6150048e+00   3.6023576e-23
   2.6230482e+00   3.5566872e-23
   2.6311163e+00   3.5118844e-23
   2.6392092e+00   3.4679094e-23
   2.6473271e+00   3.4247256e-23
   2.6554699e+00   3.3822998e-23
   2.6636377e+00   3.3406011e-23
   2.6718307e+00   3.2996112e-23
   2.6800489e+00   3.2592982e-23
   2.6882923e+00   3.2196314e-23
   2.6965611e+00   3.1805893e-23
   2.7048554e+00   3.1421518e-23
   2.7131751e+00   3.1043004e-23
   2.7215205e+00   3.0670178e-23
   2.7298915e+00   3.0302882e-23
   2.7382882e+00   2.9940964e-23
   2.7467108e+00   2.9584286e-23
   2.7551593e+00   2.9232717e-23
   2.7636338e+00   2.8886192e-23
   2.7721343e+00   2.8544644e-23
   2.7806610e+00   2.8207859e-23
   2.7892139e+00   2.7875727e-23
   2.7977932e+00   2.7548152e-23
   2.8063988e+00   2.7225043e-23
   2.8150309e+00   2.6906314e-23
   2.8236895e+00   2.6591882e-23
   2.8323748e+00   2.6281668e-23
   2.8410868e+00   2.5975634e-23
   2.8498255e+00   2.5673720e-23
   2.8585912e+00   2.5375806e-23
   2.8673838e+00   2.5081827e-23
   2.8762035e+00   2.4791728e-23
   2.8850503e+00   2.4505435e-23
   2.8939243e+00   2.4222886e-23
   2.9028256e+00   2.3944025e-23
   2.9117543e+00   2.3668794e-23
   2.9207104e+00   2.3397140e-23
   2.9296941e+00   2.3129008e-23
   2.9387054e+00   2.2864347e-23
   2.9477444e+00   2.2603106e-23
   2.9568113e+00   2.2345236e-23
   2.9659060e+00   2.2090688e-23
   2.9750287e+00   2.1839417e-23
   2.9841795e+00   2.1591376e-23
   2.9933584e+00   2.1346519e-23
   3.0025656e+00   2.1104802e-23
   3.0118010e+00   2.0866180e-23
   3.0210649e+00   2.0630611e-23
   3.0303573e+00   2.0398055e-23
   3.0396782e+00   2.0168469e-23
   3.0490278e+00   1.9941813e-23
   3.0584062e+00   1.9718049e-23
   3.0678134e+00   1.9497136e-23
   3.0772496e+00   1.9279038e-23
   3.0867148e+00   1.9063716e-23
   3.0962091e+00   1.8851134e-23
   3.1057326e+00   1.8641256e-23
   3.1152853e+00   1.8434045e-23
   3.1248675e+00   1.8229466e-23
   3.1344792e+00   1.8030506e-23
   3.1441204e+00   1.7834011e-23
   3.1537913e+00   1.7639907e-23
   3.1634919e+00   1.7448165e-23
   3.1732223e+00   1.7258757e-23
   3.1829827e+00   1.7071653e-23
   3.1927731e+00   1.6886827e-23
   3.2025936e+00   1.6704251e-23
   3.2124443e+00   1.6523898e-23
   3.2223254e+00   1.6345742e-23
   3.2322368e+00   1.6169758e-23
   3.2421787e+00   1.5995920e-23
   3.2521512e+00   1.5824203e-23
   3.2621543e+00   1.5654583e-23
   3.2721882e+00   1.5487036e-23
   3.2822530e+00   1.5321539e-23
   3.2923488e+00   1.5158068e-23
   3.3024756e+00   1.4996600e-23
   3.3126335e+00   1.4837111e-23
   3.3228227e+00   1.4679577e-23
   3.3330432e+00   1.4523975e-23
   3.3432952e+00   1.4370277e-23
   3.3535787e+00   1.4218458e-23
   3.3638938e+00   1.4068487e-23
   3.3742407e+00   1.3920334e-23
   3.3846194e+00   1.3773964e-23
   3.3950300e+00   1.3629340e-23
   3.4054726e+00   1.3486421e-23
   3.4159474e+00   1.3345166e-23
   3.4264543e+00   1.3205531e-23
   3.4369936e+00   1.3067474e-23
   3.4475653e+00   1.2930958e-23
   3.4581695e+00   1.2795949e-23
   3.4688064e+00   1.2662423e-23
   3.4794759e+00   1.2530363e-23
   3.4901783e+00   1.2399758e-23
   3.5009136e+00   1.2270607e-23
   3.5116819e+00   1.2142911e-23
   3.5224834e+00   1.2016672e-23
   3.5333180e+00   1.1891895e-23
   3.5441860e+00   1.1768580e-23
   3.5550874e+00   1.1646727e-23
   3.5660224e+00   1.1526330e-23
   3.5769909e+00   1.1407382e-23
   3.5879932e+00   1.1289872e-23
   3.5990294e+00   1.1173787e-23
   3.6100995e+00   1.1059112e-23
   3.6212037e+00   1.0945831e-23
   3.6323420e+00   1.0833926e-23
   3.6435145e+00   1.0723380e-23
   3.6547215e+00   1.0614175e-23
   3.6659629e+00   1.0506293e-23
   3.6772389e+00   1.0399715e-23
   3.6885495e+00   1.0294424e-23
   3.6998950e+00   1.0190401e-23
   3.7112753e+00   1.0087630e-23
   3.7226907e+00   9.9860936e-24
   3.7341412e+00   9.8857745e-24
   3.7456268e+00   9.7866564e-24
   3.7571479e+00   9.6887232e-24
   3.7687043e+00   9.5919590e-24
   3.7802963e+00   9.4963482e-24
   3.7919240e+00   9.4018757e-24
   3.8035874e+00   9.3085262e-24
   3.8152867e+00   9.2162853e-24
   3.8270220e+00   9.1251384e-24
   3.8387933e+00   9.0350712e-24
   3.8506009e+00   8.9460698e-24
   3.8624448e+00   8.8581205e-24
   3.8743251e+00   8.7712096e-24
   3.8862420e+00   8.6853240e-24
   3.8981955e+00   8.6004504e-24
   3.9101858e+00   8.5165759e-24
   3.9222130e+00   8.4336880e-24
   3.9342772e+00   8.3517738e-24
   3.9463785e+00   8.2708213e-24
   3.9585170e+00   8.1908181e-24
   3.9706928e+00   8.1117523e-24
   3.9829061e+00   8.0336120e-24
   3.9951569e+00   7.9563856e-24
   4.0074455e+00   7.8800615e-24
   4.0197718e+00   7.8046285e-24
   4.0321361e+00   7.7300753e-24
   4.0445383e+00   7.6563908e-24
   4.0569788e+00   7.5835644e-24
   4.0694575e+00   7.5115850e-24
   4.0819745e+00   7.4404423e-24
   4.0945301e+00   7.3701258e-24
   4.1071243e+00   7.3006250e-24
   4.1197572e+00   7.2319300e-24
   4.1324290e+00   7.1640306e-24
   4.1451398e+00   7.0969170e-24
   4.1578896e+00   7.0305794e-24
   4.1706787e+00   6.9650081e-24
   4.1835071e+00   6.9001938e-24
   4.1963750e+00   6.8361270e-24
   4.2092825e+00   6.7727985e-24
   4.2222296e+00   6.7101992e-24
   4.2352166e+00   6.6483200e-24
   4.2482435e+00   6.5871523e-24
   4.2613105e+00   6.5266871e-24
   4.2744177e+00   6.4669158e-24
   4.2875652e+00   6.4078301e-24
   4.3007531e+00   6.3494939e-24
   4.3139816e+00   6.2921024e-24
   4.3272508e+00   6.2353720e-24
   4.3405608e+00   6.1792947e-24
   4.3539118e+00   6.1238625e-24
   4.3673038e+00   6.0690675e-24
   4.3807370e+00   6.0149021e-24
   4.3942115e+00   5.9613586e-24
   4.4077275e+00   5.9084294e-24
   4.4212851e+00   5.8561083e-24
   4.4348843e+00   5.8043917e-24
   4.4485254e+00   5.7532675e-24
   4.4622084e+00   5.7027286e-24
   4.4759335e+00   5.6527680e-24
   4.4897009e+00   5.6033787e-24
   4.5035105e+00   5.5545540e-24
   4.5173627e+00   5.5062871e-24
   4.5312575e+00   5.4585715e-24
   4.5451950e+00   5.4114005e-24
   4.5591753e+00   5.3647271e-24
   4.5731987e+00   5.3185889e-24
   4.5872652e+00   5.2729802e-24
   4.6013750e+00   5.2278944e-24
   4.6155282e+00   5.1833254e-24
   4.6297249e+00   5.1392668e-24
   4.6439653e+00   5.0957125e-24
   4.6582494e+00   5.0526565e-24
   4.6725776e+00   5.0100930e-24
   4.6869497e+00   4.9680159e-24
   4.7013661e+00   4.9264197e-24
   4.7158269e+00   4.8852986e-24
   4.7303321e+00   4.8446471e-24
   4.7448819e+00   4.8044596e-24
   4.7594765e+00   4.7647309e-24
   4.7741160e+00   4.7254555e-24
   4.7888005e+00   4.6866282e-24
   4.8035301e+00   4.6482440e-24
   4.8183051e+00   4.6102976e-24
   4.8331255e+00   4.5727842e-24
   4.8479915e+00   4.5356987e-24
   4.8629033e+00   4.4990365e-24
   4.8778609e+00   4.4627926e-24
   4.8928645e+00   4.4269624e-24
   4.9079142e+00   4.3915412e-24
   4.9230103e+00   4.3565246e-24
   4.9381528e+00   4.3219079e-24
   4.9533418e+00   4.2876868e-24
   4.9685776e+00   4.2538570e-24
   4.9838602e+00   4.2204140e-24
   4.9991899e+00   4.1873537e-24
   5.0145667e+00   4.1546719e-24
   5.0299908e+00   4.1223645e-24
   5.0454623e+00   4.0904274e-24
   5.0609814e+00   4.0588566e-24
   5.0765483e+00   4.0276481e-24
   5.0921630e+00   3.9967981e-24
   5.1078258e+00   3.9663027e-24
   5.1235368e+00   3.9361580e-24
   5.1392960e+00   3.9063605e-24
   5.1551038e+00   3.8769063e-24
   5.1709601e+00   3.8477917e-24
   5.1868653e+00   3.8190133e-24
   5.2028193e+00   3.7905673e-24
   5.2188225e+00   3.7624504e-24
   5.2348748e+00   3.7346589e-24
   5.2509766e+00   3.7071894e-24
   5.2671278e+00   3.6800385e-24
   5.2833288e+00   3.6532029e-24
   5.2995795e+00   3.6266792e-24
   5.3158803e+00   3.6004640e-24
   5.3322312e+00   3.5745541e-24
   5.3486324e+00   3.5489462e-24
   5.3650840e+00   3.5236371e-24
   5.3815862e+00   3.4986236e-24
   5.3981392e+00   3.4739025e-24
   5.4147431e+00   3.4494707e-24
   5.4313981e+00   3.4253249e-24
   5.4481043e+00   3.4014621e-24
   5.4648619e+00   3.3778792e-24
   5.4816711e+00   3.3545731e-24
   5.4985319e+00   3.3315406e-24
   5.5154446e+00   3.3087789e-24
   5.5324093e+00   3.2862846e-24
   5.5494262e+00   3.2640550e-24
   5.5664955e+00   3.2420868e-24
   5.5836172e+00   3.2203771e-24
   5.6007916e+00   3.1989228e-24
   5.6180189e+00   3.1777209e-24
   5.6352991e+00   3.1567684e-24
   5.6526325e+00   3.1360622e-24
   5.6700192e+00   3.1155993e-24
   5.6874594e+00   3.0953767e-24
   5.7049532e+00   3.0753912e-24
   5.7225008e+00   3.0556399e-24
   5.7401024e+00   3.0361197e-24
   5.7577581e+00   3.0168274e-24
   5.7754682e+00   2.9977601e-24
   5.7932327e+00   2.9789145e-24
   5.8110519e+00   2.9602876e-24
   5.8289258e+00   2.9418763e-24
   5.8468548e+00   2.9236773e-24
   5.8648389e+00   2.9056875e-24
   5.8828783e+00   2.8878929e-24
   5.9009732e+00   2.8699509e-24
   5.9191237e+00   2.8522234e-24
   5.9373301e+00   2.8347069e-24
   5.9555925e+00   2.8173977e-24
   5.9739111e+00   2.8002920e-24
   5.9922860e+00   2.7833861e-24
   6.0107174e+00   2.7666763e-24
   6.0292055e+00   2.7501588e-24
   6.0477505e+00   2.7338299e-24
   6.0663525e+00   2.7176859e-24
   6.0850117e+00   2.7017229e-24
   6.1037284e+00   2.6859371e-24
   6.1225026e+00   2.6703250e-24
   6.1413345e+00   2.6548825e-24
   6.1602244e+00   2.6396061e-24
   6.1791724e+00   2.6244919e-24
   6.1981786e+00   2.6095362e-24
   6.2172433e+00   2.5947353e-24
   6.2363667e+00   2.5800853e-24
   6.2555489e+00   2.5655827e-24
   6.2747901e+00   2.5512238e-24
   6.2940904e+00   2.5370048e-24
   6.3134501e+00   2.5229223e-24
   6.3328694e+00   2.5089726e-24
   6.3523484e+00   2.4951521e-24
   6.3718874e+00   2.4814576e-24
   6.3914864e+00   2.4678854e-24
   6.4111457e+00   2.4544322e-24
   6.4308655e+00   2.4410949e-24
   6.4506459e+00   2.4278701e-24
   6.4704871e+00   2.4147547e-24
   6.4903894e+00   2.4017457e-24
   6.5103530e+00   2.3888401e-24
   6.5303779e+00   2.3759887e-24
   6.5504644e+00   2.3632345e-24
   6.5706127e+00   2.3505760e-24
   6.5908230e+00   2.3380104e-24
   6.6110954e+00   2.3255355e-24
   6.6314302e+00   2.3131490e-24
   6.6518275e+00   2.3008487e-24
   6.6722876e+00   2.2886327e-24
   6.6928106e+00   2.2764990e-24
   6.7133968e+00   2.2643375e-24
   6.7340462e+00   2.2522523e-24
   6.7547592e+00   2.2402456e-24
   6.7755359e+00   2.2283163e-24
   6.7963764e+00   2.2164632e-24
   6.8172811e+00   2.2046852e-24
   6.8382501e+00   2.1929815e-24
   6.8592836e+00   2.1813515e-24
   6.8803818e+00   2.1697947e-24
   6.9015449e+00   2.1583105e-24
   6.9227730e+00   2.1468988e-24
   6.9440665e+00   2.1355594e-24
   6.9654255e+00   2.1242923e-24
   6.9868501e+00   2.1130977e-24
   7.0083407e+00   2.1019758e-24
   7.0298973e+00   2.0909270e-24
   7.0515203e+00   2.0799518e-24
   7.0732098e+00   2.0690507e-24
   7.0949660e+00   2.0582244e-24
   7.1167891e+00   2.0474737e-24
   7.1386793e+00   2.0367995e-24
   7.1606369e+00   2.0262027e-24
   7.1826620e+00   2.0156842e-24
   7.2047548e+00   2.0052451e-24
   7.2269156e+00   1.9948866e-24
   7.2491446e+00   1.9846097e-24
   7.2714419e+00   1.9744157e-24
   7.2938079e+00   1.9643058e-24
   7.3162426e+00   1.9542813e-24
   7.3387463e+00   1.9443433e-24
   7.3613192e+00   1.9344933e-24
   7.3839616e+00   1.9247324e-24
   7.4066736e+00   1.9150619e-24
   7.4294555e+00   1.9054832e-24
   7.4523074e+00   1.8959975e-24
   7.4752297e+00   1.8866059e-24
   7.4982224e+00   1.8773099e-24
   7.5212859e+00   1.8681105e-24
   7.5444203e+00   1.8590089e-24
   7.5676259e+00   1.8500063e-24
   7.5909028e+00   1.8411036e-24
   7.6142514e+00   1.8323018e-24
   7.6376717e+00   1.8236019e-24
   7.6611641e+00   1.8150046e-24
   7.6847288e+00   1.8065107e-24
   7.7083659e+00   1.7981206e-24
   7.7320757e+00   1.7898347e-24
   7.7558585e+00   1.7816532e-24
   7.7797144e+00   1.7735758e-24
   7.8036437e+00   1.7656021e-24
   7.8276466e+00   1.7577313e-24
   7.8517233e+00   1.7499623e-24
   7.8758741e+00   1.7422933e-24
   7.9000992e+00   1.7347222e-24
   7.9243988e+00   1.7272465e-24
   7.9487731e+00   1.7198632e-24
   7.9732224e+00   1.7125689e-24
   7.9977469e+00   1.7053602e-24
   8.0223468e+00   1.6982337e-24
   8.0470224e+00   1.6911860e-24
   8.0717739e+00   1.6842144e-24
   8.0966016e+00   1.6773167e-24
   8.1215056e+00   1.6704917e-24
   8.1464861e+00   1.6637389e-24
   8.1715436e+00   1.6570589e-24
   8.1966781e+00   1.6504529e-24
   8.2218899e+00   1.6439229e-24
   8.2471793e+00   1.6374712e-24
   8.2725464e+00   1.6311004e-24
   8.2979916e+00   1.6248129e-24
   8.3235150e+00   1.6186110e-24
   8.3491170e+00   1.6124966e-24
   8.3747977e+00   1.6064713e-24
   8.4005574e+00   1.6005361e-24
   8.4263963e+00   1.5946917e-24
   8.4523147e+00   1.5889385e-24
   8.4783128e+00   1.5832762e-24
   8.5043909e+00   1.5777045e-24
   8.5305492e+00   1.5722228e-24
   8.5567880e+00   1.5668303e-24
   8.5831074e+00   1.5615259e-24
   8.6095078e+00   1.5563084e-24
   8.6359895e+00   1.5511768e-24
   8.6625525e+00   1.5461296e-24
   8.6891973e+00   1.5411657e-24
   8.7159241e+00   1.5362836e-24
   8.7427330e+00   1.5314820e-24
   8.7696244e+00   1.5267595e-24
   8.7965985e+00   1.5221148e-24
   8.8236556e+00   1.5175465e-24
   8.8507959e+00   1.5130532e-24
   8.8780197e+00   1.5086338e-24
   8.9053272e+00   1.5042867e-24
   8.9327188e+00   1.5000109e-24
   8.9601945e+00   1.4958049e-24
   8.9877548e+00   1.4916675e-24
   9.0153999e+00   1.4875975e-24
   9.0431300e+00   1.4835936e-24
   9.0709454e+00   1.4796548e-24
   9.0988463e+00   1.4757797e-24
   9.1268331e+00   1.4719672e-24
   9.1549059e+00   1.4682162e-24
   9.1830651e+00   1.4645256e-24
   9.2113109e+00   1.4608941e-24
   9.2396436e+00   1.4573207e-24
   9.2680634e+00   1.4538044e-24
   9.2965707e+00   1.4503439e-24
   9.3251656e+00   1.4469384e-24
   9.3538485e+00   1.4435867e-24
   9.3826196e+00   1.4402878e-24
   9.4114792e+00   1.4370407e-24
   9.4404276e+00   1.4338443e-24
   9.4694650e+00   1.4306978e-24
   9.4985917e+00   1.4276000e-24
   9.5278080e+00   1.4245501e-24
   9.5571142e+00   1.4215471e-24
   9.5865105e+00   1.4185900e-24
   9.6159973e+00   1.4156779e-24
   9.6455747e+00   1.4128099e-24
   9.6752431e+00   1.4099851e-24
   9.7050028e+00   1.4072026e-24
   9.7348540e+00   1.4044615e-24
   9.7647970e+00   1.4017609e-24
   9.7948322e+00   1.3991001e-24
   9.8249597e+00   1.3964780e-24
   9.8551799e+00   1.3938940e-24
   9.8854930e+00   1.3913893e-24
   9.9158994e+00   1.3889336e-24
   9.9463993e+00   1.3865123e-24
   9.9769930e+00   1.3841245e-24
   1.0007681e+01   1.3817709e-24
   1.0038463e+01   1.3794526e-24
   1.0069340e+01   1.3771655e-24
   1.0100312e+01   1.3749088e-24
   1.0131379e+01   1.3726817e-24
   1.0162542e+01   1.3704835e-24
   1.0193800e+01   1.3683135e-24
   1.0225155e+01   1.3661711e-24
   1.0256606e+01   1.3640555e-24
   1.0288154e+01   1.3619660e-24
   1.0319799e+01   1.3599021e-24
   1.0351541e+01   1.3578630e-24
   1.0383381e+01   1.3558481e-24
   1.0415319e+01   1.3538567e-24
   1.0447355e+01   1.3518883e-24
   1.0479489e+01   1.3499421e-24
   1.0511723e+01   1.3480177e-24
   1.0544055e+01   1.3461143e-24
   1.0576487e+01   1.3442314e-24
   1.0609019e+01   1.3423685e-24
   1.0641651e+01   1.3405248e-24
   1.0674383e+01   1.3386999e-24
   1.0707216e+01   1.3368932e-24
   1.0740150e+01   1.3351041e-24
   1.0773185e+01   1.3333322e-24
   1.0806322e+01   1.3315768e-24
   1.0839560e+01   1.3298374e-24
   1.0872901e+01   1.3281135e-24
   1.0906345e+01   1.3264046e-24
   1.0939891e+01   1.3247102e-24
   1.0973541e+01   1.3230298e-24
   1.1007294e+01   1.3213628e-24
   1.1041151e+01   1.3197089e-24
   1.1075112e+01   1.3180675e-24
   1.1109177e+01   1.3164382e-24
   1.1143347e+01   1.3148205e-24
   1.1177623e+01   1.3132140e-24
   1.1212004e+01   1.3116181e-24
   1.1246490e+01   1.3100325e-24
   1.1281083e+01   1.3084568e-24
   1.1315782e+01   1.3068904e-24
   1.1350587e+01   1.3053331e-24
   1.1385500e+01   1.3037843e-24
   1.1420520e+01   1.3022437e-24
   1.1455648e+01   1.3007108e-24
   1.1490884e+01   1.2991854e-24
   1.1526229e+01   1.2976670e-24
   1.1561682e+01   1.2961551e-24
   1.1597244e+01   1.2946496e-24
   1.1632915e+01   1.2931499e-24
   1.1668696e+01   1.2916558e-24
   1.1704588e+01   1.2901668e-24
   1.1740589e+01   1.2886828e-24
   1.1776702e+01   1.2872032e-24
   1.1812925e+01   1.2857278e-24
   1.1849260e+01   1.2842563e-24
   1.1885707e+01   1.2827884e-24
   1.1922265e+01   1.2813237e-24
   1.1958937e+01   1.2798620e-24
   1.1995721e+01   1.2784030e-24
   1.2032618e+01   1.2769463e-24
   1.2069628e+01   1.2754918e-24
   1.2106753e+01   1.2740392e-24
   1.2143991e+01   1.2725882e-24
   1.2181345e+01   1.2711385e-24
   1.2218813e+01   1.2696900e-24
   1.2256396e+01   1.2682425e-24
   1.2294095e+01   1.2667956e-24
   1.2331910e+01   1.2653492e-24
   1.2369841e+01   1.2639032e-24
   1.2407889e+01   1.2624573e-24
   1.2446054e+01   1.2610113e-24
   1.2484336e+01   1.2595653e-24
   1.2522736e+01   1.2581188e-24
   1.2561254e+01   1.2566720e-24
   1.2599891e+01   1.2552247e-24
   1.2638646e+01   1.2537767e-24
   1.2677521e+01   1.2523281e-24
   1.2716515e+01   1.2508788e-24
   1.2755630e+01   1.2494288e-24
   1.2794864e+01   1.2479780e-24
   1.2834219e+01   1.2465266e-24
   1.2873696e+01   1.2450746e-24
   1.2913293e+01   1.2436221e-24
   1.2953013e+01   1.2421693e-24
   1.2992854e+01   1.2407163e-24
   1.3032818e+01   1.2392635e-24
   1.3072906e+01   1.2378110e-24
   1.3113116e+01   1.2363593e-24
   1.3153450e+01   1.2349088e-24
   1.3193908e+01   1.2334600e-24
   1.3234491e+01   1.2320135e-24
   1.3275198e+01   1.2305700e-24
   1.3316031e+01   1.2291304e-24
   1.3356989e+01   1.2276955e-24
   1.3398073e+01   1.2262667e-24
   1.3439284e+01   1.2248452e-24
   1.3480621e+01   1.2234324e-24
   1.3522086e+01   1.2220304e-24
   1.3563678e+01   1.2206412e-24
   1.3605398e+01   1.2192672e-24
   1.3647246e+01   1.2179115e-24
   1.3689223e+01   1.2165775e-24
   1.3731329e+01   1.2152694e-24
   1.3773565e+01   1.2139921e-24
   1.3815930e+01   1.2127515e-24
   1.3858426e+01   1.2115547e-24
   1.3901052e+01   1.2104104e-24
   1.3943810e+01   1.2093291e-24
   1.3986699e+01   1.2083237e-24
   1.4029720e+01   1.2074104e-24
   1.4072874e+01   1.2066093e-24
   1.4116160e+01   1.2059459e-24
   1.4159579e+01   1.2054527e-24
   1.4203132e+01   1.2051720e-24
   1.4246819e+01   1.2051593e-24
   1.4290640e+01   1.2051593e-24
   1.4334596e+01   1.2051593e-24
   1.4378687e+01   1.2051593e-24
   1.4422914e+01   1.2051593e-24
   1.4467277e+01   1.2051593e-24
   1.4511776e+01   1.2051593e-24
   1.4556412e+01   1.2051593e-24
   1.4601186e+01   1.2051593e-24
   1.4646097e+01   1.2051593e-24
   1.4691146e+01   1.2051593e-24
   1.4736334e+01   1.2051593e-24
   1.4781661e+01   1.2051593e-24
   1.4827127e+01   1.2051593e-24
   1.4872734e+01   1.2051593e-24
   1.4918480e+01   1.2051593e-24
   1.4964367e+01   1.2051593e-24
   1.5010395e+01   1.2051593e-24
   1.5056565e+01   1.2051593e-24
   1.5102877e+01   1.2051593e-24
   1.5149331e+01   1.2051593e-24
   1.5195929e+01   1.2051593e-24
   1.5242669e+01   1.2051593e-24
   1.5289553e+01   1.2051593e-24
   1.5336582e+01   1.1962128e-24
   1.5383755e+01   1.1824956e-24
   1.5431073e+01   1.1720495e-24
   1.5478537e+01   1.1637577e-24
   1.5526147e+01   1.1569384e-24
   1.5573903e+01   1.1511566e-24
   1.5621806e+01   1.1461252e-24
   1.5669857e+01   1.1416483e-24
   1.5718055e+01   1.1375888e-24
   1.5766401e+01   1.1338485e-24
   1.5814897e+01   1.1303557e-24
   1.5863541e+01   1.1270569e-24
   1.5912335e+01   1.1239118e-24
   1.5961279e+01   1.1208894e-24
   1.6010374e+01   1.1179656e-24
   1.6059619e+01   1.1151215e-24
   1.6109016e+01   1.1123421e-24
   1.6158565e+01   1.1096153e-24
   1.6208267e+01   1.1069315e-24
   1.6258121e+01   1.1042826e-24
   1.6308129e+01   1.1016622e-24
   1.6358290e+01   1.0990649e-24
   1.6408606e+01   1.0964863e-24
   1.6459077e+01   1.0939225e-24
   1.6509702e+01   1.0913705e-24
   1.6560484e+01   1.0888277e-24
   1.6611422e+01   1.0862918e-24
   1.6662516e+01   1.0837610e-24
   1.6713768e+01   1.0812336e-24
   1.6765177e+01   1.0787083e-24
   1.6816744e+01   1.0761841e-24
   1.6868470e+01   1.0736598e-24
   1.6920355e+01   1.0711347e-24
   1.6972400e+01   1.0686080e-24
   1.7024604e+01   1.0660793e-24
   1.7076970e+01   1.0635480e-24
   1.7129496e+01   1.0610137e-24
   1.7182184e+01   1.0584761e-24
   1.7235034e+01   1.0559349e-24
   1.7288046e+01   1.0533900e-24
   1.7341222e+01   1.0508412e-24
   1.7394561e+01   1.0482884e-24
   1.7448064e+01   1.0457316e-24
   1.7501732e+01   1.0431707e-24
   1.7555565e+01   1.0406058e-24
   1.7609563e+01   1.0380370e-24
   1.7663728e+01   1.0354644e-24
   1.7718059e+01   1.0328881e-24
   1.7772557e+01   1.0303082e-24
   1.7827223e+01   1.0277250e-24
   1.7882057e+01   1.0251388e-24
   1.7937060e+01   1.0225496e-24
   1.7992231e+01   1.0199580e-24
   1.8047573e+01   1.0173641e-24
   1.8103085e+01   1.0147684e-24
   1.8158767e+01   1.0121711e-24
   1.8214621e+01   1.0095728e-24
   1.8270647e+01   1.0069740e-24
   1.8326845e+01   1.0043750e-24
   1.8383215e+01   1.0017765e-24
   1.8439759e+01   9.9917897e-25
   1.8496478e+01   9.9658316e-25
   1.8553370e+01   9.9398973e-25
   1.8610438e+01   9.9139944e-25
   1.8667681e+01   9.8881312e-25
   1.8725100e+01   9.8623169e-25
   1.8782696e+01   9.8365612e-25
   1.8840468e+01   9.8108754e-25
   1.8898419e+01   9.7852716e-25
   1.8956548e+01   9.7597632e-25
   1.9014856e+01   9.7343653e-25
   1.9073343e+01   9.7090948e-25
   1.9132009e+01   9.6839707e-25
   1.9190857e+01   9.6590144e-25
   1.9249885e+01   9.6342503e-25
   1.9309095e+01   9.6097064e-25
   1.9368487e+01   9.5854147e-25
   1.9428062e+01   9.5614127e-25
   1.9487820e+01   9.5377436e-25
   1.9547762e+01   9.5144585e-25
   1.9607888e+01   9.4916180e-25
   1.9668199e+01   9.4692940e-25
   1.9728695e+01   9.4475734e-25
   1.9789378e+01   9.4265616e-25
   1.9850247e+01   9.4063879e-25
   1.9911304e+01   9.3872126e-25
   1.9972548e+01   9.3692364e-25
   2.0033981e+01   9.3527141e-25
   2.0095603e+01   9.3379730e-25
   2.0157414e+01   9.3254400e-25
   2.0219415e+01   9.3156808e-25
   2.0281607e+01   9.3094583e-25
   2.0343991e+01   9.3078216e-25
   2.0406566e+01   9.3078216e-25
   2.0469333e+01   9.3078216e-25
   2.0532294e+01   9.3078216e-25
   2.0595449e+01   9.3078216e-25
   2.0658797e+01   9.3078216e-25
   2.0722341e+01   9.3078216e-25
   2.0786080e+01   9.3078216e-25
   2.0850015e+01   9.3078216e-25
   2.0914147e+01   9.3078216e-25
   2.0978475e+01   9.3078216e-25
   2.1043002e+01   9.3078216e-25
   2.1107728e+01   9.3078216e-25
   2.1172652e+01   9.3078216e-25
   2.1237776e+01   9.3078216e-25
   2.1303100e+01   9.3078216e-25
   2.1368626e+01   9.3078216e-25
   2.1434353e+01   9.3078216e-25
   2.1500282e+01   9.3078216e-25
   2.1566413e+01   9.2306753e-25
   2.1632749e+01   9.0428266e-25
   2.1699288e+01   8.9097149e-25
   2.1766032e+01   8.8099610e-25
   2.1832981e+01   8.7315818e-25
   2.1900136e+01   8.6674895e-25
   2.1967498e+01   8.6132964e-25
   2.2035067e+01   8.5661794e-25
   2.2102844e+01   8.5242611e-25
   2.2170829e+01   8.4862566e-25
   2.2239023e+01   8.4512644e-25
   2.2307427e+01   8.4186386e-25
   2.2376042e+01   8.3879070e-25
   2.2444867e+01   8.3587190e-25
   2.2513904e+01   8.3308100e-25
   2.2583154e+01   8.3039778e-25
   2.2652617e+01   8.2780661e-25
   2.2722293e+01   8.2529526e-25
   2.2792183e+01   8.2285408e-25
   2.2862289e+01   8.2047539e-25
   2.2932610e+01   8.1815302e-25
   2.3003147e+01   8.1588199e-25
   2.3073902e+01   8.1365824e-25
   2.3144874e+01   8.1147845e-25
   2.3216064e+01   8.0933990e-25
   2.3287474e+01   8.0724031e-25
   2.3359102e+01   8.0517782e-25
   2.3430952e+01   8.0315085e-25
   2.3503022e+01   8.0115809e-25
   2.3575314e+01   7.9919843e-25
   2.3647828e+01   7.9727093e-25
   2.3720566e+01   7.9537478e-25
   2.3793527e+01   7.9350932e-25
   2.3866712e+01   7.9167394e-25
   2.3940123e+01   7.8986814e-25
   2.4013759e+01   7.8809148e-25
   2.4087622e+01   7.8634356e-25
   2.4161712e+01   7.8462406e-25
   2.4236030e+01   7.8293265e-25
   2.4310577e+01   7.8126906e-25
   2.4385353e+01   7.7963305e-25
   2.4460359e+01   7.7802437e-25
   2.4535595e+01   7.7644281e-25
   2.4611063e+01   7.7488818e-25
   2.4686763e+01   7.7336027e-25
   2.4762696e+01   7.7185890e-25
   2.4838863e+01   7.7038388e-25
   2.4915264e+01   7.6893504e-25
   2.4991900e+01   7.6751219e-25
   2.5068771e+01   7.6611517e-25
   2.5145879e+01   7.6474378e-25
   2.5223224e+01   7.6339784e-25
   2.5300807e+01   7.6207717e-25
   2.5378629e+01   7.6078157e-25
   2.5456690e+01   7.5951084e-25
   2.5534991e+01   7.5826479e-25
   2.5613533e+01   7.5704318e-25
   2.5692317e+01   7.5584581e-25
   2.5771343e+01   7.5467244e-25
   2.5850612e+01   7.5352282e-25
   2.5930124e+01   7.5239670e-25
   2.6009882e+01   7.5129382e-25
   2.6089885e+01   7.5021390e-25
   2.6170133e+01   7.4915664e-25
   2.6250629e+01   7.4812174e-25
   2.6331372e+01   7.4710887e-25
   2.6412364e+01   7.4611769e-25
   2.6493604e+01   7.4514785e-25
   2.6575095e+01   7.4419898e-25
   2.6656836e+01   7.4327067e-25
   2.6738829e+01   7.4236252e-25
   2.6821074e+01   7.4147410e-25
   2.6903571e+01   7.4060496e-25
   2.6986323e+01   7.3975462e-25
   2.7069329e+01   7.3892259e-25
   2.7152591e+01   7.3810835e-25
   2.7236108e+01   7.3731138e-25
   2.7319882e+01   7.3653111e-25
   2.7403915e+01   7.3576696e-25
   2.7488205e+01   7.3501833e-25
   2.7572755e+01   7.3428461e-25
   2.7657565e+01   7.3356513e-25
   2.7742636e+01   7.3285925e-25
   2.7827968e+01   7.3216628e-25
   2.7913563e+01   7.3148551e-25
   2.7999421e+01   7.3081623e-25
   2.8085543e+01   7.3015768e-25
   2.8171930e+01   7.2950913e-25
   2.8258583e+01   7.2886979e-25
   2.8345503e+01   7.2823889e-25
   2.8432689e+01   7.2761561e-25
   2.8520144e+01   7.2699916e-25
   2.8607868e+01   7.2638872e-25
   2.8695862e+01   7.2578346e-25
   2.8784126e+01   7.2518254e-25
   2.8872662e+01   7.2458513e-25
   2.8961470e+01   7.2399038e-25
   2.9050552e+01   7.2339746e-25
   2.9139907e+01   7.2280552e-25
   2.9229537e+01   7.2221373e-25
   2.9319443e+01   7.2162125e-25
   2.9409626e+01   7.2102725e-25
   2.9500085e+01   7.2043092e-25
   2.9590824e+01   7.1983145e-25
   2.9681841e+01   7.1922804e-25
   2.9773138e+01   7.1861990e-25
   2.9864716e+01   7.1800628e-25
   2.9956575e+01   7.1738641e-25
   3.0048718e+01   7.1675958e-25
   3.0141143e+01   7.1612506e-25
   3.0233853e+01   7.1548217e-25
   3.0326848e+01   7.1483024e-25
   3.0420129e+01   7.1416863e-25
   3.0513697e+01   7.1349673e-25
   3.0607553e+01   7.1281395e-25
   3.0701697e+01   7.1211971e-25
   3.0796131e+01   7.1141350e-25
   3.0890856e+01   7.1069480e-25
   3.0985872e+01   7.0996315e-25
   3.1081180e+01   7.0921809e-25
   3.1176781e+01   7.0845922e-25
   3.1272677e+01   7.0768616e-25
   3.1368867e+01   7.0689855e-25
   3.1465353e+01   7.0609607e-25
   3.1562136e+01   7.0527845e-25
   3.1659217e+01   7.0444542e-25
   3.1756596e+01   7.0359675e-25
   3.1854275e+01   7.0273227e-25
   3.1952254e+01   7.0185180e-25
   3.2050535e+01   7.0095522e-25
   3.2149118e+01   7.0004242e-25
   3.2248004e+01   6.9911334e-25
   3.2347194e+01   6.9816792e-25
   3.2446689e+01   6.9720615e-25
   3.2546491e+01   6.9622805e-25
   3.2646599e+01   6.9523364e-25
   3.2747015e+01   6.9422301e-25
   3.2847741e+01   6.9319623e-25
   3.2948776e+01   6.9215341e-25
   3.3050121e+01   6.9109470e-25
   3.3151779e+01   6.9002025e-25
   3.3253749e+01   6.8893023e-25
   3.3356033e+01   6.8782484e-25
   3.3458631e+01   6.8670431e-25
   3.3561545e+01   6.8556886e-25
   3.3664776e+01   6.8441874e-25
   3.3768324e+01   6.8325422e-25
   3.3872190e+01   6.8207558e-25
   3.3976376e+01   6.8088312e-25
   3.4080883e+01   6.7967713e-25
   3.4185711e+01   6.7845795e-25
   3.4290861e+01   6.7722589e-25
   3.4396335e+01   6.7598129e-25
   3.4502133e+01   6.7472451e-25
   3.4608257e+01   6.7345590e-25
   3.4714707e+01   6.7217581e-25
   3.4821485e+01   6.7088462e-25
   3.4928590e+01   6.6958269e-25
   3.5036026e+01   6.6827040e-25
   3.5143792e+01   6.6694814e-25
   3.5251889e+01   6.6561627e-25
   3.5360319e+01   6.6427520e-25
   3.5469082e+01   6.6292529e-25
   3.5578180e+01   6.6156694e-25
   3.5687613e+01   6.6020054e-25
   3.5797383e+01   6.5882646e-25
   3.5907491e+01   6.5744510e-25
   3.6017937e+01   6.5605682e-25
   3.6128724e+01   6.5466202e-25
   3.6239850e+01   6.5326107e-25
   3.6351319e+01   6.5185434e-25
   3.6463130e+01   6.5044220e-25
   3.6575286e+01   6.4902502e-25
   3.6687786e+01   6.4760316e-25
   3.6800633e+01   6.4617698e-25
   3.6913826e+01   6.4474682e-25
   3.7027368e+01   6.4331304e-25
   3.7141259e+01   6.4187597e-25
   3.7255500e+01   6.4043595e-25
   3.7370093e+01   6.3899330e-25
   3.7485038e+01   6.3754836e-25
   3.7600336e+01   6.3610144e-25
   3.7715990e+01   6.3465285e-25
   3.7831999e+01   6.3320288e-25
   3.7948365e+01   6.3175185e-25
   3.8065088e+01   6.3030003e-25
   3.8182171e+01   6.2884772e-25
   3.8299614e+01   6.2739519e-25
   3.8417418e+01   6.2594270e-25
   3.8535585e+01   6.2449053e-25
   3.8654115e+01   6.2303892e-25
   3.8773009e+01   6.2158813e-25
   3.8892270e+01   6.2013839e-25
   3.9011897e+01   6.1868995e-25
   3.9131892e+01   6.1724303e-25
   3.9252256e+01   6.1579785e-25
   3.9372990e+01   6.1435463e-25
   3.9494096e+01   6.1291357e-25
   3.9615574e+01   6.1147488e-25
   3.9737426e+01   6.1003875e-25
   3.9859653e+01   6.0860537e-25
   3.9982255e+01   6.0717492e-25
   4.0105235e+01   6.0574758e-25
   4.0228593e+01   6.0432351e-25
   4.0352331e+01   6.0290289e-25
   4.0476449e+01   6.0148587e-25
   4.0600948e+01   6.0007259e-25
   4.0725831e+01   5.9866321e-25
   4.0851098e+01   5.9725787e-25
   4.0976750e+01   5.9585671e-25
   4.1102789e+01   5.9445984e-25
   4.1229215e+01   5.9306740e-25
   4.1356030e+01   5.9167951e-25
   4.1483236e+01   5.9029628e-25
   4.1610832e+01   5.8891783e-25
   4.1738821e+01   5.8754425e-25
   4.1867204e+01   5.8617565e-25
   4.1995982e+01   5.8481214e-25
   4.2125155e+01   5.8345379e-25
   4.2254726e+01   5.8210072e-25
   4.2384696e+01   5.8075299e-25
   4.2515065e+01   5.7941070e-25
   4.2645835e+01   5.7807394e-25
   4.2777008e+01   5.7674278e-25
   4.2908584e+01   5.7541730e-25
   4.3040565e+01   5.7409760e-25
   4.3172951e+01   5.7278375e-25
   4.3305745e+01   5.7147585e-25
   4.3438947e+01   5.7017399e-25
   4.3572559e+01   5.6887829e-25
   4.3706582e+01   5.6758886e-25
   4.3841018e+01   5.6630588e-25
   4.3975866e+01   5.6502955e-25
   4.4111130e+01   5.6376012e-25
   4.4246810e+01   5.6249799e-25
   4.4382906e+01   5.6124371e-25
   4.4519422e+01   5.5999816e-25
   4.4656357e+01   5.5876279e-25
   4.4793714e+01   5.5754018e-25
   4.4931493e+01   5.5633525e-25
   4.5069696e+01   5.5515860e-25
   4.5208324e+01   5.5403640e-25
   4.5347378e+01   5.5304860e-25
   4.5486860e+01   5.5253279e-25
   4.5626772e+01   5.5458169e-25
   4.5767113e+01   5.5383454e-25
   4.5907886e+01   5.4889410e-25
   4.6049092e+01   5.4696772e-25
   4.6190733e+01   5.4556205e-25
   4.6332809e+01   5.4429338e-25
   4.6475322e+01   5.4307730e-25
   4.6618273e+01   5.4188762e-25
   4.6761665e+01   5.4071422e-25
   4.6905497e+01   5.3955256e-25
   4.7049772e+01   5.3840035e-25
   4.7194490e+01   5.3725635e-25
   4.7339654e+01   5.3611983e-25
   4.7485264e+01   5.3499034e-25
   4.7631321e+01   5.3386760e-25
   4.7777829e+01   5.3275140e-25
   4.7924786e+01   5.3164161e-25
   4.8072196e+01   5.3053812e-25
   4.8220060e+01   5.2944084e-25
   4.8368378e+01   5.2834972e-25
   4.8517152e+01   5.2726470e-25
   4.8666384e+01   5.2618573e-25
   4.8816075e+01   5.2511277e-25
   4.8966226e+01   5.2404578e-25
   4.9116839e+01   5.2298473e-25
   4.9267916e+01   5.2192959e-25
   4.9419457e+01   5.2088031e-25
   4.9571464e+01   5.1983687e-25
   4.9723939e+01   5.1879924e-25
   4.9876882e+01   5.1776739e-25
   5.0030297e+01   5.1674127e-25
   5.0184183e+01   5.1572088e-25
   5.0338542e+01   5.1470616e-25
   5.0493376e+01   5.1369709e-25
   5.0648687e+01   5.1269364e-25
   5.0804475e+01   5.1169578e-25
   5.0960742e+01   5.1070348e-25
   5.1117490e+01   5.0971670e-25
   5.1274720e+01   5.0873541e-25
   5.1432434e+01   5.0775958e-25
   5.1590633e+01   5.0678917e-25
   5.1749319e+01   5.0582416e-25
   5.1908492e+01   5.0486451e-25
   5.2068155e+01   5.0391018e-25
   5.2228309e+01   5.0296115e-25
   5.2388956e+01   5.0201738e-25
   5.2550097e+01   5.0107884e-25
   5.2711734e+01   5.0014549e-25
   5.2873868e+01   4.9921730e-25
   5.3036500e+01   4.9829424e-25
   5.3199633e+01   4.9737627e-25
   5.3363268e+01   4.9646335e-25
   5.3527405e+01   4.9555546e-25
   5.3692048e+01   4.9465256e-25
   5.3857197e+01   4.9375462e-25
   5.4022854e+01   4.9286159e-25
   5.4189021e+01   4.9197345e-25
   5.4355699e+01   4.9109017e-25
   5.4522889e+01   4.9021170e-25
   5.4690594e+01   4.8933801e-25
   5.4858814e+01   4.8846908e-25
   5.5027552e+01   4.8760486e-25
   5.5196809e+01   4.8674532e-25
   5.5366587e+01   4.8589043e-25
   5.5536886e+01   4.8504016e-25
   5.5707710e+01   4.8419446e-25
   5.5879059e+01   4.8335331e-25
   5.6050935e+01   4.8251667e-25
   5.6223340e+01   4.8168451e-25
   5.6396275e+01   4.8085679e-25
   5.6569742e+01   4.8003349e-25
   5.6743742e+01   4.7921456e-25
   5.6918278e+01   4.7839998e-25
   5.7093350e+01   4.7758971e-25
   5.7268961e+01   4.7678372e-25
   5.7445113e+01   4.7598197e-25
   5.7621806e+01   4.7518444e-25
   5.7799042e+01   4.7439109e-25
   5.7976824e+01   4.7360188e-25
   5.8155152e+01   4.7281680e-25
   5.8334029e+01   4.7203579e-25
   5.8513456e+01   4.7125884e-25
   5.8693435e+01   4.7048591e-25
   5.8873968e+01   4.6971696e-25
   5.9055056e+01   4.6895198e-25
   5.9236701e+01   4.6819092e-25
   5.9418905e+01   4.6743375e-25
   5.9601669e+01   4.6668045e-25
   5.9784995e+01   4.6593099e-25
   5.9968885e+01   4.6518532e-25
   6.0153341e+01   4.6444343e-25
   6.0338364e+01   4.6370528e-25
   6.0523956e+01   4.6297085e-25
   6.0710119e+01   4.6224010e-25
   6.0896855e+01   4.6151300e-25
   6.1084165e+01   4.6078952e-25
   6.1272051e+01   4.6006964e-25
   6.1460516e+01   4.5935333e-25
   6.1649559e+01   4.5864056e-25
   6.1839185e+01   4.5793129e-25
   6.2029393e+01   4.5722551e-25
   6.2220187e+01   4.5652318e-25
   6.2411567e+01   4.5582427e-25
   6.2603536e+01   4.5512877e-25
   6.2796096e+01   4.5443663e-25
   6.2989248e+01   4.5374784e-25
   6.3182994e+01   4.5306236e-25
   6.3377336e+01   4.5238017e-25
   6.3572275e+01   4.5170125e-25
   6.3767815e+01   4.5102556e-25
   6.3963955e+01   4.5035308e-25
   6.4160699e+01   4.4968379e-25
   6.4358049e+01   4.4901765e-25
   6.4556005e+01   4.4835465e-25
   6.4754570e+01   4.4769476e-25
   6.4953746e+01   4.4703795e-25
   6.5153534e+01   4.4638420e-25
   6.5353937e+01   4.4573349e-25
   6.5554957e+01   4.4508578e-25
   6.5756594e+01   4.4444106e-25
   6.5958852e+01   4.4379930e-25
   6.6161732e+01   4.4316048e-25
   6.6365237e+01   4.4252458e-25
   6.6569367e+01   4.4189156e-25
   6.6774125e+01   4.4126141e-25
   6.6979512e+01   4.4063411e-25
   6.7185532e+01   4.4000963e-25
   6.7392185e+01   4.3938796e-25
   6.7599474e+01   4.3876906e-25
   6.7807400e+01   4.3815291e-25
   6.8015966e+01   4.3753950e-25
   6.8225173e+01   4.3692881e-25
   6.8435024e+01   4.3632080e-25
   6.8645521e+01   4.3571546e-25
   6.8856665e+01   4.3511278e-25
   6.9068458e+01   4.3451272e-25
   6.9280903e+01   4.3391527e-25
   6.9494001e+01   4.3332041e-25
   6.9707755e+01   4.3272811e-25
   6.9922166e+01   4.3213837e-25
   7.0137236e+01   4.3155115e-25
   7.0352969e+01   4.3096643e-25
   7.0569364e+01   4.3038421e-25
   7.0786426e+01   4.2980446e-25
   7.1004155e+01   4.2922716e-25
   7.1222553e+01   4.2865229e-25
   7.1441624e+01   4.2807983e-25
   7.1661368e+01   4.2750977e-25
   7.1881788e+01   4.2694209e-25
   7.2102886e+01   4.2637676e-25
   7.2324665e+01   4.2581378e-25
   7.2547125e+01   4.2525312e-25
   7.2770270e+01   4.2469476e-25
   7.2994101e+01   4.2413870e-25
   7.3218620e+01   4.2358490e-25
   7.3443830e+01   4.2303336e-25
   7.3669733e+01   4.2248406e-25
   7.3896331e+01   4.2193698e-25
   7.4123625e+01   4.2139211e-25
   7.4351619e+01   4.2084943e-25
   7.4580314e+01   4.2030891e-25
   7.4809713e+01   4.1977056e-25
   7.5039817e+01   4.1923435e-25
   7.5270628e+01   4.1870026e-25
   7.5502150e+01   4.1816829e-25
   7.5734384e+01   4.1763841e-25
   7.5967332e+01   4.1711061e-25
   7.6200997e+01   4.1658488e-25
   7.6435380e+01   4.1606120e-25
   7.6670485e+01   4.1553956e-25
   7.6906312e+01   4.1501994e-25
   7.7142865e+01   4.1450233e-25
   7.7380146e+01   4.1398671e-25
   7.7618156e+01   4.1347308e-25
   7.7856898e+01   4.1296141e-25
   7.8096375e+01   4.1245170e-25
   7.8336589e+01   4.1194392e-25
   7.8577541e+01   4.1143808e-25
   7.8819234e+01   4.1093414e-25
   7.9061671e+01   4.1043211e-25
   7.9304853e+01   4.0993197e-25
   7.9548784e+01   4.0943370e-25
   7.9793465e+01   4.0893730e-25
   8.0038898e+01   4.0844274e-25
   8.0285086e+01   4.0795003e-25
   8.0532032e+01   4.0745914e-25
   8.0779737e+01   4.0697007e-25
   8.1028204e+01   4.0648280e-25
   8.1277435e+01   4.0599733e-25
   8.1527433e+01   4.0551363e-25
   8.1778200e+01   4.0503170e-25
   8.2029738e+01   4.0455153e-25
   8.2282050e+01   4.0407311e-25
   8.2535138e+01   4.0359642e-25
   8.2789004e+01   4.0312146e-25
   8.3043651e+01   4.0264821e-25
   8.3299082e+01   4.0217667e-25
   8.3555298e+01   4.0170682e-25
   8.3812302e+01   4.0123865e-25
   8.4070097e+01   4.0077215e-25
   8.4328684e+01   4.0030732e-25
   8.4588067e+01   3.9984414e-25
   8.4848248e+01   3.9938261e-25
   8.5109230e+01   3.9892271e-25
   8.5371013e+01   3.9846443e-25
   8.5633603e+01   3.9800777e-25
   8.5896999e+01   3.9755271e-25
   8.6161206e+01   3.9709925e-25
   8.6426226e+01   3.9664737e-25
   8.6692061e+01   3.9619708e-25
   8.6958713e+01   3.9574835e-25
   8.7226186e+01   3.9530118e-25
   8.7494481e+01   3.9485557e-25
   8.7763602e+01   3.9441150e-25
   8.8033550e+01   3.9396896e-25
   8.8304329e+01   3.9352795e-25
   8.8575940e+01   3.9308846e-25
   8.8848387e+01   3.9265048e-25
   8.9121672e+01   3.9221401e-25
   8.9395798e+01   3.9177902e-25
   8.9670767e+01   3.9134553e-25
   8.9946581e+01   3.9091351e-25
   9.0223244e+01   3.9048297e-25
   9.0500758e+01   3.9005389e-25
   9.0779126e+01   3.8962628e-25
   9.1058349e+01   3.8920016e-25
   9.1338432e+01   3.8877712e-25
   9.1619376e+01   3.8835224e-25
   9.1901184e+01   3.8793023e-25
   9.2183859e+01   3.8750976e-25
   9.2467404e+01   3.8709073e-25
   9.2751820e+01   3.8667310e-25
   9.3037112e+01   3.8625688e-25
   9.3323280e+01   3.8584205e-25
   9.3610330e+01   3.8542862e-25
   9.3898262e+01   3.8501656e-25
   9.4187079e+01   3.8460589e-25
   9.4476786e+01   3.8419658e-25
   9.4767383e+01   3.8378864e-25
   9.5058874e+01   3.8338205e-25
   9.5351261e+01   3.8297682e-25
   9.5644548e+01   3.8257293e-25
   9.5938737e+01   3.8217039e-25
   9.6233831e+01   3.8176918e-25
   9.6529833e+01   3.8136930e-25
   9.6826745e+01   3.8097075e-25
   9.7124570e+01   3.8057351e-25
   9.7423312e+01   3.8017759e-25
   9.7722972e+01   3.7978297e-25
   9.8023554e+01   3.7938966e-25
   9.8325060e+01   3.7899765e-25
   9.8627494e+01   3.7860694e-25
   9.8930858e+01   3.7821751e-25
   9.9235156e+01   3.7782936e-25
   9.9540389e+01   3.7744250e-25
   9.9846561e+01   3.7705691e-25
   1.0015367e+02   3.7667259e-25
   1.0046173e+02   3.7628953e-25
   1.0077074e+02   3.7590774e-25
   1.0108070e+02   3.7552721e-25
   1.0139161e+02   3.7514792e-25
   1.0170347e+02   3.7476989e-25
   1.0201630e+02   3.7439310e-25
   1.0233008e+02   3.7401756e-25
   1.0264484e+02   3.7364324e-25
   1.0296056e+02   3.7327017e-25
   1.0327725e+02   3.7289832e-25
   1.0359492e+02   3.7252770e-25
   1.0391356e+02   3.7215830e-25
   1.0423318e+02   3.7179012e-25
   1.0455379e+02   3.7142315e-25
   1.0487538e+02   3.7105740e-25
   1.0519796e+02   3.7069286e-25
   1.0552154e+02   3.7032952e-25
   1.0584611e+02   3.6996738e-25
   1.0617168e+02   3.6960645e-25
   1.0649824e+02   3.6924671e-25
   1.0682582e+02   3.6888816e-25
   1.0715440e+02   3.6853081e-25
   1.0748399e+02   3.6817464e-25
   1.0781460e+02   3.6781966e-25
   1.0814622e+02   3.6746587e-25
   1.0847886e+02   3.6711325e-25
   1.0881253e+02   3.6676181e-25
   1.0914722e+02   3.6641155e-25
   1.0948294e+02   3.6606246e-25
   1.0981969e+02   3.6571455e-25
   1.1015748e+02   3.6536780e-25
   1.1049631e+02   3.6502222e-25
   1.1083618e+02   3.6467781e-25
   1.1117710e+02   3.6433456e-25
   1.1151906e+02   3.6399248e-25
   1.1186208e+02   3.6365155e-25
   1.1220615e+02   3.6331179e-25
   1.1255128e+02   3.6297318e-25
   1.1289747e+02   3.6263573e-25
   1.1324473e+02   3.6229944e-25
   1.1359306e+02   3.6196430e-25
   1.1394245e+02   3.6163031e-25
   1.1429292e+02   3.6129748e-25
   1.1464447e+02   3.6096580e-25
   1.1499710e+02   3.6063527e-25
   1.1535082e+02   3.6030590e-25
   1.1570562e+02   3.5997767e-25
   1.1606151e+02   3.5965059e-25
   1.1641850e+02   3.5932466e-25
   1.1677659e+02   3.5899989e-25
   1.1713578e+02   3.5867626e-25
   1.1749607e+02   3.5835379e-25
   1.1785747e+02   3.5803246e-25
   1.1821998e+02   3.5771229e-25
   1.1858361e+02   3.5739326e-25
   1.1894836e+02   3.5707539e-25
   1.1931423e+02   3.5675868e-25
   1.1968122e+02   3.5644312e-25
   1.2004934e+02   3.5612871e-25
   1.2041860e+02   3.5581547e-25
   1.2078899e+02   3.5550338e-25
   1.2116052e+02   3.5519245e-25
   1.2153319e+02   3.5488269e-25
   1.2190701e+02   3.5457410e-25
   1.2228198e+02   3.5426667e-25
   1.2265810e+02   3.5396041e-25
   1.2303538e+02   3.5365533e-25
   1.2341382e+02   3.5335142e-25
   1.2379342e+02   3.5304870e-25
   1.2417419e+02   3.5274716e-25
   1.2455613e+02   3.5244681e-25
   1.2493925e+02   3.5214765e-25
   1.2532355e+02   3.5184969e-25
   1.2570902e+02   3.5155294e-25
   1.2609569e+02   3.5125739e-25
   1.2648354e+02   3.5096306e-25
   1.2687259e+02   3.5066995e-25
   1.2726283e+02   3.5037807e-25
   1.2765427e+02   3.5008742e-25
   1.2804692e+02   3.4979802e-25
   1.2844077e+02   3.4950987e-25
   1.2883584e+02   3.4922297e-25
   1.2923212e+02   3.4893735e-25
   1.2962962e+02   3.4865301e-25
   1.3002834e+02   3.4836996e-25
   1.3042829e+02   3.4808821e-25
   1.3082947e+02   3.4780778e-25
   1.3123188e+02   3.4752867e-25
   1.3163553e+02   3.4725091e-25
   1.3204042e+02   3.4697450e-25
   1.3244656e+02   3.4669947e-25
   1.3285395e+02   3.4642583e-25
   1.3326259e+02   3.4615359e-25
   1.3367248e+02   3.4588279e-25
   1.3408364e+02   3.4561343e-25
   1.3449606e+02   3.4534555e-25
   1.3490975e+02   3.4507917e-25
   1.3532472e+02   3.4481431e-25
   1.3574096e+02   3.4455101e-25
   1.3615848e+02   3.4428929e-25
   1.3657728e+02   3.4402918e-25
   1.3699737e+02   3.4377074e-25
   1.3741876e+02   3.4351396e-25
   1.3784144e+02   3.4325893e-25
   1.3826542e+02   3.4300567e-25
   1.3869070e+02   3.4275424e-25
   1.3911730e+02   3.4250468e-25
   1.3954520e+02   3.4225706e-25
   1.3997442e+02   3.4201143e-25
   1.4040496e+02   3.4176786e-25
   1.4083683e+02   3.4152644e-25
   1.4127002e+02   3.4128722e-25
   1.4170455e+02   3.4105032e-25
   1.4214041e+02   3.4081581e-25
   1.4257762e+02   3.4058380e-25
   1.4301617e+02   3.4035442e-25
   1.4345606e+02   3.4012779e-25
   1.4389731e+02   3.3990405e-25
   1.4433992e+02   3.3968334e-25
   1.4478389e+02   3.3946586e-25
   1.4522922e+02   3.3925178e-25
   1.4567593e+02   3.3904132e-25
   1.4612401e+02   3.3883471e-25
   1.4657346e+02   3.3863222e-25
   1.4702430e+02   3.3843415e-25
   1.4747653e+02   3.3824083e-25
   1.4793015e+02   3.3805263e-25
   1.4838516e+02   3.3786997e-25
   1.4884157e+02   3.3769335e-25
   1.4929939e+02   3.3752330e-25
   1.4975861e+02   3.3736045e-25
   1.5021925e+02   3.3720552e-25
   1.5068130e+02   3.3705933e-25
   1.5114477e+02   3.3692283e-25
   1.5160967e+02   3.3679713e-25
   1.5207600e+02   3.3668351e-25
   1.5254377e+02   3.3658349e-25
   1.5301297e+02   3.3649884e-25
   1.5348362e+02   3.3643168e-25
   1.5395571e+02   3.3638451e-25
   1.5442926e+02   3.3636034e-25
   1.5490426e+02   3.3636282e-25
   1.5538072e+02   3.3639637e-25
   1.5585865e+02   3.3639637e-25
   1.5633805e+02   3.3639637e-25
   1.5681892e+02   3.3639637e-25
   1.5730128e+02   3.3639637e-25
   1.5778511e+02   3.3639637e-25
   1.5827044e+02   3.3639637e-25
   1.5875725e+02   3.3639637e-25
   1.5924557e+02   3.3639637e-25
   1.5973539e+02   3.3639637e-25
   1.6022671e+02   3.3639637e-25
   1.6071954e+02   3.3639637e-25
   1.6121389e+02   3.3639637e-25
   1.6170976e+02   3.3639637e-25
   1.6220716e+02   3.3639637e-25
   1.6270609e+02   3.3639637e-25
   1.6320655e+02   3.3639637e-25
   1.6370855e+02   3.3639637e-25
   1.6421209e+02   3.3639637e-25
   1.6471719e+02   3.3639637e-25
   1.6522383e+02   3.3639637e-25
   1.6573204e+02   3.3639637e-25
   1.6624181e+02   3.3639637e-25
   1.6675314e+02   3.3639637e-25
   1.6726605e+02   3.3639637e-25
   1.6778054e+02   3.3639637e-25
   1.6829661e+02   3.3639637e-25
   1.6881426e+02   3.3639637e-25
   1.6933351e+02   3.3639637e-25
   1.6985436e+02   3.3639637e-25
   1.7037681e+02   3.3639637e-25
   1.7090086e+02   3.3639637e-25
   1.7142653e+02   3.3639637e-25
   1.7195381e+02   3.3639637e-25
   1.7248272e+02   3.3639637e-25
   1.7301325e+02   3.3512299e-25
   1.7354541e+02   3.3343262e-25
   1.7407921e+02   3.3205350e-25
   1.7461466e+02   3.3090639e-25
   1.7515175e+02   3.2993570e-25
   1.7569049e+02   3.2910152e-25
   1.7623089e+02   3.2837464e-25
   1.7677295e+02   3.2773326e-25
   1.7731668e+02   3.2716087e-25
   1.7786208e+02   3.2664481e-25
   1.7840916e+02   3.2617519e-25
   1.7895792e+02   3.2574425e-25
   1.7950837e+02   3.2534581e-25
   1.8006051e+02   3.2497488e-25
   1.8061435e+02   3.2462746e-25
   1.8116989e+02   3.2430023e-25
   1.8172715e+02   3.2399049e-25
   1.8228611e+02   3.2369599e-25
   1.8284680e+02   3.2341486e-25
   1.8340921e+02   3.2314549e-25
   1.8397335e+02   3.2288658e-25
   1.8453923e+02   3.2263699e-25
   1.8510684e+02   3.2239575e-25
   1.8567621e+02   3.2216203e-25
   1.8624732e+02   3.2193513e-25
   1.8682019e+02   3.2171442e-25
   1.8739482e+02   3.2149937e-25
   1.8797122e+02   3.2128952e-25
   1.8854939e+02   3.2108445e-25
   1.8912935e+02   3.2088382e-25
   1.8971108e+02   3.2068730e-25
   1.9029460e+02   3.2049462e-25
   1.9087992e+02   3.2030553e-25
   1.9146704e+02   3.2011982e-25
   1.9205597e+02   3.1993729e-25
   1.9264671e+02   3.1975777e-25
   1.9323926e+02   3.1958111e-25
   1.9383364e+02   3.1940717e-25
   1.9442984e+02   3.1923583e-25
   1.9502788e+02   3.1906697e-25
   1.9562776e+02   3.1890050e-25
   1.9622948e+02   3.1873632e-25
   1.9683305e+02   3.1857436e-25
   1.9743849e+02   3.1841453e-25
   1.9804578e+02   3.1825679e-25
   1.9865494e+02   3.1810105e-25
   1.9926597e+02   3.1794728e-25
   1.9987889e+02   3.1779542e-25
   2.0049369e+02   3.1764542e-25
   2.0111038e+02   3.1749724e-25
   2.0172896e+02   3.1735086e-25
   2.0234945e+02   3.1720622e-25
   2.0297185e+02   3.1706331e-25
   2.0359616e+02   3.1692209e-25
   2.0422240e+02   3.1678253e-25
   2.0485056e+02   3.1664462e-25
   2.0548065e+02   3.1650833e-25
   2.0611268e+02   3.1637365e-25
   2.0674665e+02   3.1624055e-25
   2.0738257e+02   3.1610901e-25
   2.0802045e+02   3.1597903e-25
   2.0866029e+02   3.1585059e-25
   2.0930210e+02   3.1572368e-25
   2.0994589e+02   3.1559828e-25
   2.1059165e+02   3.1547439e-25
   2.1123940e+02   3.1535199e-25
   2.1188914e+02   3.1523109e-25
   2.1254088e+02   3.1511166e-25
   2.1319463e+02   3.1499370e-25
   2.1385039e+02   3.1487722e-25
   2.1450816e+02   3.1476219e-25
   2.1516796e+02   3.1464863e-25
   2.1582978e+02   3.1453651e-25
   2.1649364e+02   3.1442585e-25
   2.1715955e+02   3.1431663e-25
   2.1782750e+02   3.1420886e-25
   2.1849750e+02   3.1410252e-25
   2.1916957e+02   3.1399762e-25
   2.1984371e+02   3.1389416e-25
   2.2051991e+02   3.1379214e-25
   2.2119820e+02   3.1369155e-25
   2.2187858e+02   3.1359240e-25
   2.2256104e+02   3.1349468e-25
   2.2324561e+02   3.1339839e-25
   2.2393228e+02   3.1330354e-25
   2.2462107e+02   3.1321012e-25
   2.2531197e+02   3.1311814e-25
   2.2600500e+02   3.1302759e-25
   2.2670016e+02   3.1293848e-25
   2.2739745e+02   3.1285081e-25
   2.2809689e+02   3.1276457e-25
   2.2879849e+02   3.1267978e-25
   2.2950224e+02   3.1259643e-25
   2.3020816e+02   3.1251453e-25
   2.3091624e+02   3.1243408e-25
   2.3162651e+02   3.1235507e-25
   2.3233896e+02   3.1227752e-25
   2.3305360e+02   3.1220142e-25
   2.3377044e+02   3.1212678e-25
   2.3448949e+02   3.1205360e-25
   2.3521074e+02   3.1198188e-25
   2.3593422e+02   3.1191162e-25
   2.3665992e+02   3.1184284e-25
   2.3738785e+02   3.1177553e-25
   2.3811802e+02   3.1170969e-25
   2.3885044e+02   3.1164534e-25
   2.3958511e+02   3.1158246e-25
   2.4032204e+02   3.1152107e-25
   2.4106123e+02   3.1146117e-25
   2.4180270e+02   3.1140277e-25
   2.4254646e+02   3.1134586e-25
   2.4329249e+02   3.1129045e-25
   2.4404083e+02   3.1123655e-25
   2.4479146e+02   3.1118416e-25
   2.4554441e+02   3.1113328e-25
   2.4629967e+02   3.1108392e-25
   2.4705725e+02   3.1103608e-25
   2.4781716e+02   3.1098976e-25
   2.4857941e+02   3.1094498e-25
   2.4934401e+02   3.1090173e-25
   2.5011095e+02   3.1086002e-25
   2.5088026e+02   3.1081986e-25
   2.5165193e+02   3.1078124e-25
   2.5242598e+02   3.1074418e-25
   2.5320240e+02   3.1070868e-25
   2.5398122e+02   3.1067474e-25
   2.5476243e+02   3.1064237e-25
   2.5554604e+02   3.1061157e-25
   2.5633206e+02   3.1058234e-25
   2.5712050e+02   3.1055471e-25
   2.5791137e+02   3.1052866e-25
   2.5870467e+02   3.1050420e-25
   2.5950041e+02   3.1048134e-25
   2.6029859e+02   3.1046008e-25
   2.6109924e+02   3.1044044e-25
   2.6190234e+02   3.1042241e-25
   2.6270792e+02   3.1040599e-25
   2.6351597e+02   3.1039121e-25
   2.6432650e+02   3.1037805e-25
   2.6513954e+02   3.1036653e-25
   2.6595507e+02   3.1035665e-25
   2.6677311e+02   3.1034842e-25
   2.6759366e+02   3.1034185e-25
   2.6841674e+02   3.1033693e-25
   2.6924236e+02   3.1033368e-25
   2.7007051e+02   3.1033210e-25
   2.7090121e+02   3.1033220e-25
   2.7173446e+02   3.1033398e-25
   2.7257028e+02   3.1033745e-25
   2.7340866e+02   3.1034262e-25
   2.7424963e+02   3.1034949e-25
   2.7509318e+02   3.1035807e-25
   2.7593933e+02   3.1036836e-25
   2.7678808e+02   3.1038038e-25
   2.7763944e+02   3.1039412e-25
   2.7849342e+02   3.1040960e-25
   2.7935003e+02   3.1042682e-25
   2.8020927e+02   3.1044580e-25
   2.8107115e+02   3.1046653e-25
   2.8193569e+02   3.1048902e-25
   2.8280288e+02   3.1051328e-25
   2.8367274e+02   3.1053933e-25
   2.8454528e+02   3.1056716e-25
   2.8542050e+02   3.1059678e-25
   2.8629841e+02   3.1062821e-25
   2.8717903e+02   3.1066146e-25
   2.8806235e+02   3.1069652e-25
   2.8894839e+02   3.1073341e-25
   2.8983715e+02   3.1077215e-25
   2.9072865e+02   3.1081273e-25
   2.9162289e+02   3.1085517e-25
   2.9251988e+02   3.1089949e-25
   2.9341963e+02   3.1094568e-25
   2.9432215e+02   3.1099377e-25
   2.9522744e+02   3.1104377e-25
   2.9613552e+02   3.1109569e-25
   2.9704639e+02   3.1114954e-25
   2.9796006e+02   3.1120535e-25
   2.9887654e+02   3.1126312e-25
   2.9979584e+02   3.1132288e-25
   3.0071797e+02   3.1138465e-25
   3.0164294e+02   3.1144845e-25
   3.0257075e+02   3.1151430e-25
   3.0350142e+02   3.1158224e-25
   3.0443494e+02   3.1165229e-25
   3.0537134e+02   3.1172449e-25
   3.0631062e+02   3.1179889e-25
   3.0725279e+02   3.1187553e-25
   3.0819785e+02   3.1195446e-25
   3.0914583e+02   3.1203577e-25
   3.1009672e+02   3.1211951e-25
   3.1105053e+02   3.1220580e-25
   3.1200728e+02   3.1229475e-25
   3.1296697e+02   3.1238649e-25
   3.1392961e+02   3.1248122e-25
   3.1489521e+02   3.1257914e-25
   3.1586378e+02   3.1268056e-25
   3.1683534e+02   3.1278584e-25
   3.1780988e+02   3.1289547e-25
   3.1878741e+02   3.1301012e-25
   3.1976796e+02   3.1313068e-25
   3.2075152e+02   3.1325844e-25
   3.2173811e+02   3.1339521e-25
   3.2272773e+02   3.1354370e-25
   3.2372039e+02   3.1370805e-25
   3.2471611e+02   3.1389492e-25
   3.2571489e+02   3.1411548e-25
   3.2671674e+02   3.1438975e-25
   3.2772168e+02   3.1475661e-25
   3.2872970e+02   3.1529990e-25
   3.2974083e+02   3.1570747e-25
   3.3075506e+02   3.1577213e-25
   3.3177242e+02   3.1592265e-25
   3.3279290e+02   3.1601760e-25
   3.3381653e+02   3.1601760e-25
   3.3484330e+02   3.1601760e-25
   3.3587323e+02   3.1601760e-25
   3.3690633e+02   3.1601760e-25
   3.3794261e+02   3.1601760e-25
   3.3898207e+02   3.1601760e-25
   3.4002473e+02   3.1601760e-25
   3.4107060e+02   3.1601760e-25
   3.4211968e+02   3.1604401e-25
   3.4317199e+02   3.1610918e-25
   3.4422754e+02   3.1619954e-25
   3.4528634e+02   3.1630728e-25
   3.4634839e+02   3.1642764e-25
   3.4741371e+02   3.1655758e-25
   3.4848230e+02   3.1669512e-25
   3.4955418e+02   3.1683887e-25
   3.5062936e+02   3.1698790e-25
   3.5170785e+02   3.1714151e-25
   3.5278965e+02   3.1729921e-25
   3.5387478e+02   3.1746063e-25
   3.5496325e+02   3.1762548e-25
   3.5605507e+02   3.1779357e-25
   3.5715024e+02   3.1796473e-25
   3.5824879e+02   3.1813882e-25
   3.5935071e+02   3.1831575e-25
   3.6045602e+02   3.1849544e-25
   3.6156473e+02   3.1867784e-25
   3.6267685e+02   3.1886288e-25
   3.6379240e+02   3.1905054e-25
   3.6491137e+02   3.1924079e-25
   3.6603379e+02   3.1943362e-25
   3.6715965e+02   3.1962904e-25
   3.6828898e+02   3.1982726e-25
   3.6942179e+02   3.2015403e-25
   3.7055808e+02   3.2022871e-25
   3.7169786e+02   3.2043442e-25
   3.7284115e+02   3.2064233e-25
   3.7398796e+02   3.2085266e-25
   3.7513829e+02   3.2106543e-25
   3.7629216e+02   3.2128067e-25
   3.7744959e+02   3.2149838e-25
   3.7861057e+02   3.2171857e-25
   3.7977512e+02   3.2194124e-25
   3.8094325e+02   3.2216639e-25
   3.8211498e+02   3.2239403e-25
   3.8329031e+02   3.2262416e-25
   3.8446926e+02   3.2285679e-25
   3.8565183e+02   3.2309193e-25
   3.8683804e+02   3.2332957e-25
   3.8802790e+02   3.2356973e-25
   3.8922142e+02   3.2381241e-25
   3.9041861e+02   3.2405761e-25
   3.9161948e+02   3.2430535e-25
   3.9282405e+02   3.2455563e-25
   3.9403232e+02   3.2480845e-25
   3.9524431e+02   3.2506382e-25
   3.9646002e+02   3.2532176e-25
   3.9767948e+02   3.2558226e-25
   3.9890268e+02   3.2584534e-25
   4.0012965e+02   3.2611100e-25
   4.0136039e+02   3.2637925e-25
   4.0259492e+02   3.2665010e-25
   4.0383324e+02   3.2692355e-25
   4.0507538e+02   3.2719961e-25
   4.0632133e+02   3.2747829e-25
   4.0757112e+02   3.2775960e-25
   4.0882475e+02   3.2804354e-25
   4.1008224e+02   3.2833013e-25
   4.1134359e+02   3.2861937e-25
   4.1260883e+02   3.2891126e-25
   4.1387795e+02   3.2920583e-25
   4.1515098e+02   3.2950307e-25
   4.1642793e+02   3.2980299e-25
   4.1770880e+02   3.3010560e-25
   4.1899361e+02   3.3041091e-25
   4.2028238e+02   3.3071894e-25
   4.2157511e+02   3.3102967e-25
   4.2287181e+02   3.3134313e-25
   4.2417251e+02   3.3165933e-25
   4.2547720e+02   3.3197826e-25
   4.2678591e+02   3.3229995e-25
   4.2809864e+02   3.3262439e-25
   4.2941541e+02   3.3295160e-25
   4.3073623e+02   3.3328158e-25
   4.3206111e+02   3.3361435e-25
   4.3339007e+02   3.3394991e-25
   4.3472312e+02   3.3428827e-25
   4.3606027e+02   3.3462944e-25
   4.3740153e+02   3.3497343e-25
   4.3874691e+02   3.3532025e-25
   4.4009643e+02   3.3566990e-25
   4.4145011e+02   3.3602240e-25
   4.4280795e+02   3.3637775e-25
   4.4416996e+02   3.3673596e-25
   4.4553616e+02   3.3709705e-25
   4.4690657e+02   3.3746102e-25
   4.4828119e+02   3.3782788e-25
   4.4966004e+02   3.3819764e-25
   4.5104313e+02   3.3857032e-25
   4.5243047e+02   3.3894591e-25
   4.5382209e+02   3.3932444e-25
   4.5521798e+02   3.3970590e-25
   4.5661816e+02   3.4009032e-25
   4.5802266e+02   3.4047770e-25
   4.5943147e+02   3.4086806e-25
   4.6084462e+02   3.4126141e-25
   4.6226211e+02   3.4165775e-25
   4.6368396e+02   3.4205712e-25
   4.6511019e+02   3.4245951e-25
   4.6654080e+02   3.4286494e-25
   4.6797581e+02   3.4327345e-25
   4.6941524e+02   3.4368504e-25
   4.7085910e+02   3.4409973e-25
   4.7230739e+02   3.4451757e-25
   4.7376014e+02   3.4493857e-25
   4.7521736e+02   3.4536279e-25
   4.7667906e+02   3.4579027e-25
   4.7814526e+02   3.4622108e-25
   4.7961597e+02   3.4665531e-25
   4.8109120e+02   3.4709307e-25
   4.8257096e+02   3.4753453e-25
   4.8405528e+02   3.4797995e-25
   4.8554417e+02   3.4842968e-25
   4.8703763e+02   3.4888432e-25
   4.8853569e+02   3.4934486e-25
   4.9003836e+02   3.4981303e-25
   4.9154565e+02   3.5029225e-25
   4.9305757e+02   3.5078979e-25
   4.9457415e+02   3.5132384e-25
   4.9609539e+02   3.5195117e-25
   4.9762131e+02   3.5293254e-25
   4.9915192e+02   3.5728463e-25
   5.0068724e+02   3.8702083e-25
   5.0222728e+02   3.5506087e-25
   5.0377206e+02   3.5446538e-25
   5.0532159e+02   3.5469834e-25
   5.0687589e+02   3.5509078e-25
   5.0843497e+02   3.5553634e-25
   5.0999884e+02   3.5600586e-25
   5.1156753e+02   3.5648875e-25
   5.1314103e+02   3.5698043e-25
   5.1471938e+02   3.5747863e-25
   5.1630259e+02   3.5798217e-25
   5.1789066e+02   3.5849036e-25
   5.1948362e+02   3.5900277e-25
   5.2108148e+02   3.5951915e-25
   5.2268425e+02   3.6003933e-25
   5.2429195e+02   3.6056319e-25
   5.2590460e+02   3.6109067e-25
   5.2752221e+02   3.6162170e-25
   5.2914479e+02   3.6215626e-25
   5.3077236e+02   3.6269432e-25
   5.3240495e+02   3.6323586e-25
   5.3404255e+02   3.6378087e-25
   5.3568519e+02   3.6432936e-25
   5.3733288e+02   3.6488130e-25
   5.3898564e+02   3.6543671e-25
   5.4064348e+02   3.6599559e-25
   5.4230642e+02   3.6655794e-25
   5.4397448e+02   3.6712376e-25
   5.4564767e+02   3.6769306e-25
   5.4732600e+02   3.6826584e-25
   5.4900950e+02   3.6884212e-25
   5.5069818e+02   3.6942189e-25
   5.5239205e+02   3.7000517e-25
   5.5409112e+02   3.7059197e-25
   5.5579543e+02   3.7118228e-25
   5.5750498e+02   3.7177612e-25
   5.5921978e+02   3.7237350e-25
   5.6093986e+02   3.7297443e-25
   5.6266524e+02   3.7357891e-25
   5.6439591e+02   3.7418696e-25
   5.6613192e+02   3.7479858e-25
   5.6787326e+02   3.7541378e-25
   5.6961995e+02   3.7603257e-25
   5.7137202e+02   3.7665496e-25
   5.7312948e+02   3.7728096e-25
   5.7489235e+02   3.7791058e-25
   5.7666064e+02   3.7854382e-25
   5.7843436e+02   3.7918071e-25
   5.8021354e+02   3.7982124e-25
   5.8199820e+02   3.8046542e-25
   5.8378834e+02   3.8111327e-25
   5.8558399e+02   3.8176480e-25
   5.8738517e+02   3.8242001e-25
   5.8919188e+02   3.8307891e-25
   5.9100415e+02   3.8374152e-25
   5.9282199e+02   3.8440785e-25
   5.9464543e+02   3.8507789e-25
   5.9647448e+02   3.8575168e-25
   5.9830915e+02   3.8642920e-25
   6.0014946e+02   3.8711048e-25
   6.0199543e+02   3.8779552e-25
   6.0384709e+02   3.8848433e-25
   6.0570443e+02   3.8917693e-25
   6.0756750e+02   3.8987332e-25
   6.0943629e+02   3.9057352e-25
   6.1131083e+02   3.9127753e-25
   6.1319113e+02   3.9198537e-25
   6.1507722e+02   3.9269704e-25
   6.1696911e+02   3.9341256e-25
   6.1886682e+02   3.9413193e-25
   6.2077037e+02   3.9485518e-25
   6.2267977e+02   3.9558230e-25
   6.2459504e+02   3.9631332e-25
   6.2651621e+02   3.9704824e-25
   6.2844328e+02   3.9778708e-25
   6.3037629e+02   3.9852985e-25
   6.3231523e+02   3.9927656e-25
   6.3426014e+02   4.0002724e-25
   6.3621104e+02   4.0078190e-25
   6.3816793e+02   4.0154056e-25
   6.4013085e+02   4.0230324e-25
   6.4209980e+02   4.0306999e-25
   6.4407481e+02   4.0384083e-25
   6.4605589e+02   4.0461583e-25
   6.4804307e+02   4.0539507e-25
   6.5003635e+02   4.0617867e-25
   6.5203577e+02   4.0696686e-25
   6.5404134e+02   4.0775999e-25
   6.5605308e+02   4.0855883e-25
   6.5807101e+02   4.0936503e-25
   6.6009514e+02   4.1018299e-25
   6.6212550e+02   4.1102788e-25
   6.6416210e+02   4.1198505e-25
   6.6620497e+02   4.1522243e-25
   6.6825412e+02   4.1461905e-25
   6.7030958e+02   4.1438636e-25
   6.7237136e+02   4.1510806e-25
   6.7443947e+02   4.1590887e-25
   6.7651395e+02   4.1673154e-25
   6.7859481e+02   4.1756462e-25
   6.8068208e+02   4.1840464e-25
   6.8277576e+02   4.1925024e-25
   6.8487588e+02   4.2010083e-25
   6.8698246e+02   4.2095610e-25
   6.8909552e+02   4.2181589e-25
   6.9121508e+02   4.2268011e-25
   6.9334116e+02   4.2354871e-25
   6.9547378e+02   4.2442166e-25
   6.9761296e+02   4.2529894e-25
   6.9975872e+02   4.2618056e-25
   7.0191107e+02   4.2706650e-25
   7.0407005e+02   4.2795677e-25
   7.0623567e+02   4.2885137e-25
   7.0840795e+02   4.2975031e-25
   7.1058691e+02   4.3065359e-25
   7.1277258e+02   4.3156123e-25
   7.1496497e+02   4.3247324e-25
   7.1716410e+02   4.3338961e-25
   7.1936999e+02   4.3431037e-25
   7.2158267e+02   4.3523553e-25
   7.2380216e+02   4.3616508e-25
   7.2602847e+02   4.3709905e-25
   7.2826163e+02   4.3803745e-25
   7.3050166e+02   4.3898029e-25
   7.3274858e+02   4.3992757e-25
   7.3500241e+02   4.4087931e-25
   7.3726317e+02   4.4183553e-25
   7.3953089e+02   4.4279616e-25
   7.4180558e+02   4.4376138e-25
   7.4408727e+02   4.4473108e-25
   7.4637598e+02   4.4570529e-25
   7.4867172e+02   4.4668403e-25
   7.5097453e+02   4.4766732e-25
   7.5328442e+02   4.4865515e-25
   7.5560142e+02   4.4964755e-25
   7.5792554e+02   4.5064453e-25
   7.6025681e+02   4.5164609e-25
   7.6259525e+02   4.5265226e-25
   7.6494089e+02   4.5366305e-25
   7.6729374e+02   4.5467846e-25
   7.6965382e+02   4.5569851e-25
   7.7202117e+02   4.5672321e-25
   7.7439580e+02   4.5775257e-25
   7.7677773e+02   4.5878662e-25
   7.7916699e+02   4.5982535e-25
   7.8156359e+02   4.6086878e-25
   7.8396757e+02   4.6191694e-25
   7.8637895e+02   4.6296982e-25
   7.8879774e+02   4.6402745e-25
   7.9122397e+02   4.6508983e-25
   7.9365766e+02   4.6615699e-25
   7.9609884e+02   4.6722893e-25
   7.9854752e+02   4.6830568e-25
   8.0100374e+02   4.6938724e-25
   8.0346752e+02   4.7047365e-25
   8.0593887e+02   4.7156492e-25
   8.0841782e+02   4.7266107e-25
   8.1090440e+02   4.7376215e-25
   8.1339863e+02   4.7486820e-25
   8.1590052e+02   4.7597930e-25
   8.1841012e+02   4.7709557e-25
   8.2092743e+02   4.7821727e-25
   8.2345249e+02   4.7934498e-25
   8.2598531e+02   4.8048035e-25
   8.2852592e+02   4.8162977e-25
   8.3107435e+02   4.8284156e-25
   8.3363062e+02   5.0980288e-25
   8.3619475e+02   4.8516262e-25
   8.3876676e+02   4.8622248e-25
   8.4134669e+02   4.8736629e-25
   8.4393456e+02   4.8852590e-25
   8.4653038e+02   4.8969359e-25
   8.4913419e+02   4.9086750e-25
   8.5174600e+02   4.9204703e-25
   8.5436585e+02   4.9323193e-25
   8.5699376e+02   4.9442210e-25
   8.5962975e+02   4.9561749e-25
   8.6227385e+02   4.9681807e-25
   8.6492608e+02   4.9802384e-25
   8.6758647e+02   4.9923481e-25
   8.7025504e+02   5.0045097e-25
   8.7293182e+02   5.0167233e-25
   8.7561684e+02   5.0289891e-25
   8.7831011e+02   5.0413072e-25
   8.8101167e+02   5.0536776e-25
   8.8372154e+02   5.0661006e-25
   8.8643974e+02   5.0785763e-25
   8.8916630e+02   5.0911048e-25
   8.9190125e+02   5.1036862e-25
   8.9464461e+02   5.1163207e-25
   8.9739641e+02   5.1290085e-25
   9.0015667e+02   5.1417496e-25
   9.0292543e+02   5.1545443e-25
   9.0570270e+02   5.1673927e-25
   9.0848851e+02   5.1802950e-25
   9.1128289e+02   5.1932512e-25
   9.1408587e+02   5.2062616e-25
   9.1689747e+02   5.2193263e-25
   9.1971771e+02   5.2324455e-25
   9.2254664e+02   5.2456193e-25
   9.2538426e+02   5.2588479e-25
   9.2823061e+02   5.2721314e-25
   9.3108571e+02   5.2854700e-25
   9.3394960e+02   5.2988639e-25
   9.3682230e+02   5.3123132e-25
   9.3970383e+02   5.3258182e-25
   9.4259423e+02   5.3393788e-25
   9.4549351e+02   5.3529954e-25
   9.4840172e+02   5.3666681e-25
   9.5131886e+02   5.3803970e-25
   9.5424499e+02   5.3941824e-25
   9.5718011e+02   5.4080244e-25
   9.6012426e+02   5.4219232e-25
   9.6307746e+02   5.4358789e-25
   9.6603975e+02   5.4498918e-25
   9.6901115e+02   5.4639621e-25
   9.7199169e+02   5.4780900e-25
   9.7498140e+02   5.4922757e-25
   9.7798031e+02   5.5065197e-25
   9.8098844e+02   5.5208223e-25
   9.8400582e+02   5.5351844e-25
   9.8703248e+02   5.5496074e-25
   9.9006845e+02   5.5640950e-25
   9.9311376e+02   5.5786594e-25
   9.9616844e+02   5.5933672e-25
   9.9923251e+02   5.6097775e-25
   1.0023060e+03   5.6236445e-25
   1.0053890e+03   5.6374646e-25
   1.0084814e+03   5.6522045e-25
   1.0115833e+03   5.6670683e-25
   1.0146948e+03   5.6820069e-25
   1.0178159e+03   5.6970108e-25
   1.0209465e+03   5.7120773e-25
   1.0240868e+03   5.7272053e-25
   1.0272368e+03   5.7423947e-25
   1.0303964e+03   5.7576452e-25
   1.0335658e+03   5.7729571e-25
   1.0367449e+03   5.7883302e-25
   1.0399337e+03   5.8037649e-25
   1.0431324e+03   5.8192612e-25
   1.0463410e+03   5.8348193e-25
   1.0495594e+03   5.8504395e-25
   1.0527876e+03   5.8661218e-25
   1.0560259e+03   5.8818665e-25
   1.0592741e+03   5.8976738e-25
   1.0625322e+03   5.9135438e-25
   1.0658004e+03   5.9294768e-25
   1.0690787e+03   5.9454729e-25
   1.0723670e+03   5.9615323e-25
   1.0756655e+03   5.9776553e-25
   1.0789741e+03   5.9938421e-25
   1.0822928e+03   6.0100928e-25
   1.0856218e+03   6.0264076e-25
   1.0889610e+03   6.0427868e-25
   1.0923105e+03   6.0592305e-25
   1.0956703e+03   6.0757391e-25
   1.0990404e+03   6.0923125e-25
   1.1024209e+03   6.1089512e-25
   1.1058118e+03   6.1256553e-25
   1.1092131e+03   6.1424249e-25
   1.1126249e+03   6.1592604e-25
   1.1160472e+03   6.1761620e-25
   1.1194800e+03   6.1931297e-25
   1.1229234e+03   6.2101640e-25
   1.1263773e+03   6.2272650e-25
   1.1298419e+03   6.2444329e-25
   1.1333171e+03   6.2616680e-25
   1.1368030e+03   6.2789705e-25
   1.1402997e+03   6.2963407e-25
   1.1438071e+03   6.3137789e-25
   1.1473253e+03   6.3312856e-25
   1.1508543e+03   6.3488614e-25
   1.1543942e+03   6.3665077e-25
   1.1579449e+03   6.3842282e-25
   1.1615066e+03   6.4020409e-25
   1.1650792e+03   6.4201967e-25
   1.1686628e+03   6.4387339e-25
   1.1722575e+03   6.4558139e-25
   1.1758632e+03   6.4738231e-25
   1.1794800e+03   6.4919384e-25
   1.1831079e+03   6.5101314e-25
   1.1867469e+03   6.5283974e-25
   1.1903972e+03   6.5467353e-25
   1.1940587e+03   6.5651446e-25
   1.1977314e+03   6.5836254e-25
   1.2014155e+03   6.6021780e-25
   1.2051109e+03   6.6208023e-25
   1.2088176e+03   6.6394987e-25
   1.2125358e+03   6.6582673e-25
   1.2162654e+03   6.6771085e-25
   1.2200064e+03   6.6960224e-25
   1.2237590e+03   6.7150093e-25
   1.2275231e+03   6.7340694e-25
   1.2312988e+03   6.7532030e-25
   1.2350861e+03   6.7724103e-25
   1.2388850e+03   6.7916915e-25
   1.2426957e+03   6.8110471e-25
   1.2465180e+03   6.8304771e-25
   1.2503521e+03   6.8499819e-25
   1.2541981e+03   6.8695616e-25
   1.2580558e+03   6.8892167e-25
   1.2619254e+03   6.9089473e-25
   1.2658069e+03   6.9287537e-25
   1.2697003e+03   6.9486362e-25
   1.2736058e+03   6.9685950e-25
   1.2775232e+03   6.9886304e-25
   1.2814527e+03   7.0087427e-25
   1.2853942e+03   7.0289321e-25
   1.2893479e+03   7.0491990e-25
   1.2933138e+03   7.0695436e-25
   1.2972918e+03   7.0899662e-25
   1.3012821e+03   7.1104671e-25
   1.3052847e+03   7.1310467e-25
   1.3092995e+03   7.1517052e-25
   1.3133268e+03   7.1724430e-25
   1.3173664e+03   7.1932609e-25
   1.3214184e+03   7.2141599e-25
   1.3254829e+03   7.2351437e-25
   1.3295599e+03   7.2562375e-25
   1.3336494e+03   7.2831926e-25
   1.3377515e+03   7.2986169e-25
   1.3418663e+03   7.3198559e-25
   1.3459937e+03   7.3412263e-25
   1.3501337e+03   7.3626849e-25
   1.3542866e+03   7.3842273e-25
   1.3584522e+03   7.4058528e-25
   1.3626306e+03   7.4275611e-25
   1.3668218e+03   7.4493525e-25
   1.3710260e+03   7.4712272e-25
   1.3752431e+03   7.4931855e-25
   1.3794731e+03   7.5152277e-25
   1.3837162e+03   7.5373540e-25
   1.3879723e+03   7.5595649e-25
   1.3922415e+03   7.5818604e-25
   1.3965238e+03   7.6042411e-25
   1.4008193e+03   7.6267072e-25
   1.4051281e+03   7.6492590e-25
   1.4094500e+03   7.6718969e-25
   1.4137853e+03   7.6946211e-25
   1.4181339e+03   7.7174320e-25
   1.4224959e+03   7.7403299e-25
   1.4268713e+03   7.7633152e-25
   1.4312601e+03   7.7863881e-25
   1.4356625e+03   7.8095491e-25
   1.4400784e+03   7.8327984e-25
   1.4445079e+03   7.8561363e-25
   1.4489510e+03   7.8795633e-25
   1.4534077e+03   7.9030797e-25
   1.4578782e+03   7.9266858e-25
   1.4623624e+03   7.9503819e-25
   1.4668604e+03   7.9741792e-25
   1.4713723e+03   7.9980678e-25
   1.4758980e+03   8.0220476e-25
   1.4804377e+03   8.0461190e-25
   1.4849913e+03   8.0702827e-25
   1.4895589e+03   8.0945400e-25
   1.4941406e+03   8.1188968e-25
   1.4987364e+03   8.1434730e-25
   1.5033463e+03   8.1679589e-25
   1.5079703e+03   8.1924946e-25
   1.5126086e+03   8.2172071e-25
   1.5172612e+03   8.2420198e-25
   1.5219281e+03   8.2669284e-25
   1.5266093e+03   8.2919326e-25
   1.5313050e+03   8.3170323e-25
   1.5360150e+03   8.3422280e-25
   1.5407396e+03   8.3675198e-25
   1.5454787e+03   8.3929083e-25
   1.5502324e+03   8.4183936e-25
   1.5550007e+03   8.4439763e-25
   1.5597836e+03   8.4696567e-25
   1.5645813e+03   8.4954394e-25
   1.5693937e+03   8.5213282e-25
   1.5742210e+03   8.5473159e-25
   1.5790630e+03   8.5734028e-25
   1.5839200e+03   8.5995894e-25
   1.5887919e+03   8.6258760e-25
   1.5936788e+03   8.6522631e-25
   1.5985807e+03   8.6787510e-25
   1.6034978e+03   8.7053401e-25
   1.6084299e+03   8.7320310e-25
   1.6133772e+03   8.7588239e-25
   1.6183397e+03   8.7857193e-25
   1.6233175e+03   8.8127176e-25
   1.6283106e+03   8.8398193e-25
   1.6333190e+03   8.8670248e-25
   1.6383429e+03   8.8943345e-25
   1.6433822e+03   8.9217490e-25
   1.6484370e+03   8.9492687e-25
   1.6535074e+03   8.9768944e-25
   1.6585933e+03   9.0046283e-25
   1.6636949e+03   9.0324890e-25
   1.6688122e+03   9.0606984e-25
   1.6739452e+03   9.0884653e-25
   1.6790941e+03   9.1166165e-25
   1.6842587e+03   9.1448815e-25
   1.6894393e+03   9.1732563e-25
   1.6946357e+03   9.2017404e-25
   1.6998482e+03   9.2303342e-25
   1.7050767e+03   9.2590380e-25
   1.7103213e+03   9.2878522e-25
   1.7155820e+03   9.3167774e-25
   1.7208588e+03   9.3458139e-25
   1.7261520e+03   9.3749623e-25
   1.7314614e+03   9.4042229e-25
   1.7367871e+03   9.4335964e-25
   1.7421292e+03   9.4630831e-25
   1.7474877e+03   9.4926835e-25
   1.7528628e+03   9.5223982e-25
   1.7582543e+03   9.5522276e-25
   1.7636625e+03   9.5821722e-25
   1.7690872e+03   9.6122325e-25
   1.7745287e+03   9.6424090e-25
   1.7799869e+03   9.6727022e-25
   1.7854619e+03   9.7031126e-25
   1.7909537e+03   9.7336407e-25
   1.7964624e+03   9.7642871e-25
   1.8019881e+03   9.7950522e-25
   1.8075308e+03   9.8259366e-25
   1.8130905e+03   9.8569409e-25
   1.8186673e+03   9.8880658e-25
   1.8242612e+03   9.9193128e-25
   1.8298724e+03   9.9506917e-25
   1.8355008e+03   9.9823975e-25
   1.8411466e+03   1.0013782e-24
   1.8468097e+03   1.0045511e-24
   1.8524902e+03   1.0077367e-24
   1.8581882e+03   1.0109348e-24
   1.8639037e+03   1.0141454e-24
   1.8696368e+03   1.0173684e-24
   1.8753876e+03   1.0206041e-24
   1.8811560e+03   1.0238524e-24
   1.8869422e+03   1.0271133e-24
   1.8927461e+03   1.0303870e-24
   1.8985679e+03   1.0336735e-24
   1.9044077e+03   1.0369729e-24
   1.9102653e+03   1.0402851e-24
   1.9161411e+03   1.0436104e-24
   1.9220348e+03   1.0469486e-24
   1.9279467e+03   1.0503000e-24
   1.9338768e+03   1.0536644e-24
   1.9398252e+03   1.0570421e-24
   1.9457918e+03   1.0604331e-24
   1.9517768e+03   1.0638379e-24
   1.9577802e+03   1.0672567e-24
   1.9638020e+03   1.0706889e-24
   1.9698424e+03   1.0741347e-24
   1.9759013e+03   1.0775940e-24
   1.9819789e+03   1.0810670e-24
   1.9880752e+03   1.0845537e-24
   1.9941903e+03   1.0880544e-24
   2.0003241e+03   1.0916050e-24
   2.0064768e+03   1.0950970e-24
   2.0126484e+03   1.0986384e-24
   2.0188391e+03   1.1021943e-24
   2.0250487e+03   1.1057644e-24
   2.0312775e+03   1.1093486e-24
   2.0375254e+03   1.1129470e-24
   2.0437926e+03   1.1165597e-24
   2.0500790e+03   1.1201867e-24
   2.0563847e+03   1.1238282e-24
   2.0627099e+03   1.1274841e-24
   2.0690545e+03   1.1311545e-24
   2.0754186e+03   1.1348395e-24
   2.0818023e+03   1.1385392e-24
   2.0882056e+03   1.1422537e-24
   2.0946286e+03   1.1459829e-24
   2.1010714e+03   1.1497271e-24
   2.1075340e+03   1.1534862e-24
   2.1140165e+03   1.1572603e-24
   2.1205189e+03   1.1610495e-24
   2.1270413e+03   1.1648539e-24
   2.1335838e+03   1.1686735e-24
   2.1401464e+03   1.1725084e-24
   2.1467292e+03   1.1763587e-24
   2.1533322e+03   1.1802245e-24
   2.1599556e+03   1.1841060e-24
   2.1665993e+03   1.1880132e-24
   2.1732634e+03   1.1919158e-24
   2.1799481e+03   1.1958436e-24
   2.1866533e+03   1.1997877e-24
   2.1933791e+03   1.2037477e-24
   2.2001256e+03   1.2077238e-24
   2.2068929e+03   1.2117159e-24
   2.2136810e+03   1.2157241e-24
   2.2204900e+03   1.2197486e-24
   2.2273199e+03   1.2237893e-24
   2.2341708e+03   1.2278465e-24
   2.2410428e+03   1.2319201e-24
   2.2479359e+03   1.2360102e-24
   2.2548503e+03   1.2401169e-24
   2.2617859e+03   1.2442404e-24
   2.2687428e+03   1.2483806e-24
   2.2757211e+03   1.2525377e-24
   2.2827209e+03   1.2567117e-24
   2.2897422e+03   1.2609028e-24
   2.2967852e+03   1.2651110e-24
   2.3038497e+03   1.2693364e-24
   2.3109361e+03   1.2735790e-24
   2.3180442e+03   1.2778391e-24
   2.3251741e+03   1.2821167e-24
   2.3323261e+03   1.2864141e-24
   2.3395000e+03   1.2907248e-24
   2.3466959e+03   1.2950547e-24
   2.3539140e+03   1.2994028e-24
   2.3611543e+03   1.3037689e-24
   2.3684169e+03   1.3081530e-24
   2.3757018e+03   1.3125551e-24
   2.3830091e+03   1.3169754e-24
   2.3903389e+03   1.3214140e-24
   2.3976913e+03   1.3258709e-24
   2.4050662e+03   1.3303463e-24
   2.4124639e+03   1.3348401e-24
   2.4198843e+03   1.3393527e-24
   2.4273275e+03   1.3438839e-24
   2.4347936e+03   1.3484340e-24
   2.4422827e+03   1.3530030e-24
   2.4497948e+03   1.3575910e-24
   2.4573300e+03   1.3621981e-24
   2.4648884e+03   1.3668244e-24
   2.4724701e+03   1.3714701e-24
   2.4800750e+03   1.3761351e-24
   2.4877034e+03   1.3808197e-24
   2.4953552e+03   1.3855241e-24
   2.5030306e+03   1.3902515e-24
   2.5107295e+03   1.3949914e-24
   2.5184522e+03   1.3997549e-24
   2.5261986e+03   1.4045384e-24
   2.5339688e+03   1.4093421e-24
   2.5417630e+03   1.4141660e-24
   2.5495811e+03   1.4190102e-24
   2.5574232e+03   1.4238749e-24
   2.5652895e+03   1.4287601e-24
   2.5731799e+03   1.4336659e-24
   2.5810947e+03   1.4385925e-24
   2.5890338e+03   1.4435400e-24
   2.5969973e+03   1.4485084e-24
   2.6049852e+03   1.4534979e-24
   2.6129978e+03   1.4585086e-24
   2.6210350e+03   1.4635406e-24
   2.6290970e+03   1.4685940e-24
   2.6371837e+03   1.4736689e-24
   2.6452953e+03   1.4787655e-24
   2.6534318e+03   1.4838838e-24
   2.6615934e+03   1.4890242e-24
   2.6697801e+03   1.4941894e-24
   2.6779920e+03   1.4993706e-24
   2.6862291e+03   1.5045770e-24
   2.6944915e+03   1.5098058e-24
   2.7027794e+03   1.5150571e-24
   2.7110928e+03   1.5203310e-24
   2.7194317e+03   1.5256276e-24
   2.7277963e+03   1.5309469e-24
   2.7361866e+03   1.5362893e-24
   2.7446027e+03   1.5416547e-24
   2.7530448e+03   1.5470432e-24
   2.7615127e+03   1.5524551e-24
   2.7700067e+03   1.5578905e-24
   2.7785269e+03   1.5633493e-24
   2.7870732e+03   1.5688319e-24
   2.7956459e+03   1.5743383e-24
   2.8042449e+03   1.5798687e-24
   2.8128704e+03   1.5854231e-24
   2.8215223e+03   1.5910018e-24
   2.8302010e+03   1.5966050e-24
   2.8389062e+03   1.6022326e-24
   2.8476383e+03   1.6078843e-24
   2.8563972e+03   1.6135610e-24
   2.8651831e+03   1.6192627e-24
   2.8739960e+03   1.6249894e-24
   2.8828360e+03   1.6307412e-24
   2.8917032e+03   1.6365183e-24
   2.9005977e+03   1.6423208e-24
   2.9095195e+03   1.6481489e-24
   2.9184688e+03   1.6540027e-24
   2.9274456e+03   1.6598824e-24
   2.9364500e+03   1.6657880e-24
   2.9454821e+03   1.6717198e-24
   2.9545420e+03   1.6776778e-24
   2.9636297e+03   1.6836623e-24
   2.9727454e+03   1.6896733e-24
   2.9818892e+03   1.6957110e-24
   2.9910610e+03   1.7017757e-24
   3.0002611e+03   1.7078703e-24
   3.0094895e+03   1.7139861e-24
   3.0187463e+03   1.7201322e-24
   3.0280315e+03   1.7263057e-24
   3.0373453e+03   1.7325069e-24
   3.0466877e+03   1.7387358e-24
   3.0560589e+03   1.7449927e-24
   3.0654589e+03   1.7512777e-24
   3.0748878e+03   1.7575909e-24
   3.0843457e+03   1.7639325e-24
   3.0938327e+03   1.7703027e-24
   3.1033489e+03   1.7767016e-24
   3.1128944e+03   1.7831294e-24
   3.1224692e+03   1.7895862e-24
   3.1320735e+03   1.7960723e-24
   3.1417073e+03   1.8025877e-24
   3.1513708e+03   1.8091327e-24
   3.1610639e+03   1.8157074e-24
   3.1707869e+03   1.8223128e-24
   3.1805398e+03   1.8289465e-24
   3.1903227e+03   1.8356113e-24
   3.2001357e+03   1.8423065e-24
   3.2099788e+03   1.8490323e-24
   3.2198523e+03   1.8557888e-24
   3.2297561e+03   1.8625762e-24
   3.2396903e+03   1.8693948e-24
   3.2496552e+03   1.8762446e-24
   3.2596506e+03   1.8831258e-24
   3.2696769e+03   1.8900386e-24
   3.2797339e+03   1.8969833e-24
   3.2898219e+03   1.9039600e-24
   3.2999410e+03   1.9109688e-24
   3.3100911e+03   1.9180100e-24
   3.3202725e+03   1.9250838e-24
   3.3304852e+03   1.9321905e-24
   3.3407293e+03   1.9393298e-24
   3.3510049e+03   1.9465022e-24
   3.3613121e+03   1.9537080e-24
   3.3716510e+03   1.9609473e-24
   3.3820217e+03   1.9682204e-24
   3.3924243e+03   1.9755273e-24
   3.4028590e+03   1.9828683e-24
   3.4133257e+03   1.9902435e-24
   3.4238246e+03   1.9976533e-24
   3.4343558e+03   2.0050978e-24
   3.4449194e+03   2.0125771e-24
   3.4555154e+03   2.0200915e-24
   3.4661441e+03   2.0276412e-24
   3.4768055e+03   2.0352264e-24
   3.4874996e+03   2.0428474e-24
   3.4982267e+03   2.0505045e-24
   3.5089867e+03   2.0581972e-24
   3.5197799e+03   2.0659265e-24
   3.5306062e+03   2.0736924e-24
   3.5414659e+03   2.0814950e-24
   3.5523589e+03   2.0893346e-24
   3.5632855e+03   2.0972114e-24
   3.5742456e+03   2.1051257e-24
   3.5852395e+03   2.1130776e-24
   3.5962672e+03   2.1210673e-24
   3.6073288e+03   2.1290951e-24
   3.6184244e+03   2.1371613e-24
   3.6295542e+03   2.1452660e-24
   3.6407182e+03   2.1534095e-24
   3.6519165e+03   2.1615919e-24
   3.6631493e+03   2.1698137e-24
   3.6744166e+03   2.1780749e-24
   3.6857186e+03   2.1863756e-24
   3.6970553e+03   2.1947164e-24
   3.7084270e+03   2.2030974e-24
   3.7198336e+03   2.2115188e-24
   3.7312752e+03   2.2199808e-24
   3.7427521e+03   2.2284837e-24
   3.7542643e+03   2.2370278e-24
   3.7658119e+03   2.2456132e-24
   3.7773950e+03   2.2542403e-24
   3.7890137e+03   2.2629093e-24
   3.8006682e+03   2.2716204e-24
   3.8123585e+03   2.2803739e-24
   3.8240848e+03   2.2891700e-24
   3.8358471e+03   2.2980282e-24
   3.8476456e+03   2.3068912e-24
   3.8594804e+03   2.3158168e-24
   3.8713516e+03   2.3247860e-24
   3.8832594e+03   2.3337993e-24
   3.8952037e+03   2.3428567e-24
   3.9071848e+03   2.3519586e-24
   3.9192028e+03   2.3611052e-24
   3.9312577e+03   2.3702968e-24
   3.9433497e+03   2.3795337e-24
   3.9554788e+03   2.3888162e-24
   3.9676453e+03   2.3981445e-24
   3.9798493e+03   2.4075189e-24
   3.9920907e+03   2.4169398e-24
   4.0043698e+03   2.4264078e-24
   4.0166867e+03   2.4359217e-24
   4.0290414e+03   2.4454833e-24
   4.0414342e+03   2.4550925e-24
   4.0538651e+03   2.4647496e-24
   4.0663342e+03   2.4744547e-24
   4.0788417e+03   2.4842082e-24
   4.0913876e+03   2.4940104e-24
   4.1039721e+03   2.5038617e-24
   4.1165954e+03   2.5137622e-24
   4.1292574e+03   2.5237123e-24
   4.1419584e+03   2.5337123e-24
   4.1546985e+03   2.5437625e-24
   4.1674778e+03   2.5538643e-24
   4.1802963e+03   2.5640148e-24
   4.1931543e+03   2.5742174e-24
   4.2060519e+03   2.5844715e-24
   4.2189891e+03   2.5947774e-24
   4.2319661e+03   2.6051353e-24
   4.2449830e+03   2.6155457e-24
   4.2580400e+03   2.6260088e-24
   4.2711371e+03   2.6365249e-24
   4.2842745e+03   2.6470944e-24
   4.2974524e+03   2.6577175e-24
   4.3106707e+03   2.6683948e-24
   4.3239297e+03   2.6791264e-24
   4.3372295e+03   2.6899136e-24
   4.3505702e+03   2.7007540e-24
   4.3639519e+03   2.7116506e-24
   4.3773748e+03   2.7226031e-24
   4.3908390e+03   2.7336115e-24
   4.4043446e+03   2.7446764e-24
   4.4178918e+03   2.7557981e-24
   4.4314806e+03   2.7669768e-24
   4.4451112e+03   2.7782131e-24
   4.4587837e+03   2.7895071e-24
   4.4724983e+03   2.8008593e-24
   4.4862551e+03   2.8122701e-24
   4.5000541e+03   2.8237401e-24
   4.5138957e+03   2.8352687e-24
   4.5277798e+03   2.8468573e-24
   4.5417066e+03   2.8585059e-24
   4.5556762e+03   2.8702149e-24
   4.5696888e+03   2.8819846e-24
   4.5837446e+03   2.8938155e-24
   4.5978435e+03   2.9057079e-24
   4.6119858e+03   2.9176622e-24
   4.6261716e+03   2.9296788e-24
   4.6404011e+03   2.9417581e-24
   4.6546743e+03   2.9539004e-24
   4.6689914e+03   2.9661324e-24
   4.6833526e+03   2.9783758e-24
   4.6977579e+03   2.9907097e-24
   4.7122075e+03   3.0031083e-24
   4.7267016e+03   3.0155719e-24
   4.7412403e+03   3.0281010e-24
   4.7558236e+03   3.0406960e-24
   4.7704519e+03   3.0533573e-24
   4.7851251e+03   3.0660853e-24
   4.7998435e+03   3.0788804e-24
   4.8146071e+03   3.0917430e-24
   4.8294162e+03   3.1046737e-24
   4.8442708e+03   3.1176727e-24
   4.8591711e+03   3.1307405e-24
   4.8741172e+03   3.1438776e-24
   4.8891093e+03   3.1570844e-24
   4.9041475e+03   3.1703614e-24
   4.9192319e+03   3.1837089e-24
   4.9343628e+03   3.1971274e-24
   4.9495402e+03   3.2106174e-24
   4.9647643e+03   3.2241793e-24
   4.9800352e+03   3.2378136e-24
   4.9953531e+03   3.2515207e-24
   5.0107181e+03   3.2653010e-24
   5.0261303e+03   3.2791551e-24
   5.0415900e+03   3.2930834e-24
   5.0570972e+03   3.3070864e-24
   5.0726521e+03   3.3211645e-24
   5.0882549e+03   3.3353183e-24
   5.1039056e+03   3.3495481e-24
   5.1196045e+03   3.3638545e-24
   5.1353517e+03   3.3782380e-24
   5.1511473e+03   3.3926990e-24
   5.1669915e+03   3.4072382e-24
   5.1828844e+03   3.4218556e-24
   5.1988262e+03   3.4365522e-24
   5.2148171e+03   3.4513283e-24
   5.2308571e+03   3.4661844e-24
   5.2469465e+03   3.4811211e-24
   5.2630854e+03   3.4961388e-24
   5.2792739e+03   3.5112381e-24
   5.2955122e+03   3.5264194e-24
   5.3118004e+03   3.5416833e-24
   5.3281387e+03   3.5570304e-24
   5.3445273e+03   3.5724611e-24
   5.3609663e+03   3.5879759e-24
   5.3774559e+03   3.6035754e-24
   5.3939962e+03   3.6192601e-24
   5.4105874e+03   3.6350307e-24
   5.4272296e+03   3.6508875e-24
   5.4439230e+03   3.6668312e-24
   5.4606677e+03   3.6828624e-24
   5.4774639e+03   3.6989815e-24
   5.4943118e+03   3.7151891e-24
   5.5112116e+03   3.7314858e-24
   5.5281633e+03   3.7478721e-24
   5.5451671e+03   3.7643487e-24
   5.5622233e+03   3.7809161e-24
   5.5793319e+03   3.7975748e-24
   5.5964931e+03   3.8143254e-24
   5.6137071e+03   3.8311686e-24
   5.6309741e+03   3.8481049e-24
   5.6482942e+03   3.8651350e-24
   5.6656675e+03   3.8822593e-24
   5.6830943e+03   3.8994785e-24
   5.7005747e+03   3.9167932e-24
   5.7181088e+03   3.9342040e-24
   5.7356969e+03   3.9517115e-24
   5.7533391e+03   3.9693163e-24
   5.7710356e+03   3.9870191e-24
   5.7887865e+03   4.0048204e-24
   5.8065919e+03   4.0227209e-24
   5.8244522e+03   4.0407213e-24
   5.8423674e+03   4.0588226e-24
   5.8603377e+03   4.0770250e-24
   5.8783632e+03   4.0953292e-24
   5.8964443e+03   4.1137357e-24
   5.9145809e+03   4.1322452e-24
   5.9327733e+03   4.1508583e-24
   5.9510217e+03   4.1695758e-24
   5.9693262e+03   4.1883983e-24
   5.9876870e+03   4.2073264e-24
   6.0061042e+03   4.2263610e-24
   6.0245781e+03   4.2455022e-24
   6.0431089e+03   4.2647513e-24
   6.0616966e+03   4.2841087e-24
   6.0803416e+03   4.3035751e-24
   6.0990438e+03   4.3231512e-24
   6.1178036e+03   4.3428378e-24
   6.1366211e+03   4.3626354e-24
   6.1554965e+03   4.3825449e-24
   6.1744299e+03   4.4025669e-24
   6.1934216e+03   4.4227020e-24
   6.2124717e+03   4.4429511e-24
   6.2315804e+03   4.4633149e-24
   6.2507478e+03   4.4837940e-24
   6.2699742e+03   4.5043893e-24
   6.2892598e+03   4.5251013e-24
   6.3086046e+03   4.5459309e-24
   6.3280090e+03   4.5668789e-24
   6.3474731e+03   4.5879459e-24
   6.3669970e+03   4.6091326e-24
   6.3865810e+03   4.6304399e-24
   6.4062252e+03   4.6518685e-24
   6.4259298e+03   4.6734192e-24
   6.4456951e+03   4.6950927e-24
   6.4655211e+03   4.7168898e-24
   6.4854081e+03   4.7388112e-24
   6.5053563e+03   4.7608581e-24
   6.5253659e+03   4.7830304e-24
   6.5454370e+03   4.8053296e-24
   6.5655698e+03   4.8277563e-24
   6.5857646e+03   4.8503114e-24
   6.6060215e+03   4.8729955e-24
   6.6263406e+03   4.8958095e-24
   6.6467223e+03   4.9187543e-24
   6.6671667e+03   4.9418306e-24
   6.6876740e+03   4.9650391e-24
   6.7082443e+03   4.9883808e-24
   6.7288779e+03   5.0118565e-24
   6.7495750e+03   5.0354670e-24
   6.7703357e+03   5.0592131e-24
   6.7911603e+03   5.0830957e-24
   6.8120489e+03   5.1071156e-24
   6.8330018e+03   5.1312737e-24
   6.8540192e+03   5.1555707e-24
   6.8751012e+03   5.1800077e-24
   6.8962480e+03   5.2045853e-24
   6.9174599e+03   5.2293045e-24
   6.9387370e+03   5.2541661e-24
   6.9600796e+03   5.2791710e-24
   6.9814878e+03   5.3043201e-24
   7.0029619e+03   5.3296153e-24
   7.0245020e+03   5.3550544e-24
   7.0461083e+03   5.3806413e-24
   7.0677812e+03   5.4063759e-24
   7.0895207e+03   5.4322590e-24
   7.1113270e+03   5.4582917e-24
   7.1332004e+03   5.4844748e-24
   7.1551412e+03   5.5108091e-24
   7.1771494e+03   5.5372956e-24
   7.1992252e+03   5.5639352e-24
   7.2213690e+03   5.5907288e-24
   7.2435809e+03   5.6176773e-24
   7.2658612e+03   5.6447817e-24
   7.2882099e+03   5.6720428e-24
   7.3106274e+03   5.6994615e-24
   7.3331139e+03   5.7270389e-24
   7.3556695e+03   5.7547758e-24
   7.3782945e+03   5.7826732e-24
   7.4009891e+03   5.8107319e-24
   7.4237535e+03   5.8389530e-24
   7.4465879e+03   5.8673373e-24
   7.4694925e+03   5.8958859e-24
   7.4924676e+03   5.9245995e-24
   7.5155134e+03   5.9534793e-24
   7.5386300e+03   5.9825261e-24
   7.5618178e+03   6.0117408e-24
   7.5850769e+03   6.0411245e-24
   7.6084075e+03   6.0706781e-24
   7.6318099e+03   6.1004024e-24
   7.6552842e+03   6.1302986e-24
   7.6788308e+03   6.1603674e-24
   7.7024498e+03   6.1906099e-24
   7.7261414e+03   6.2210270e-24
   7.7499060e+03   6.2516197e-24
   7.7737436e+03   6.2823889e-24
   7.7976545e+03   6.3133356e-24
   7.8216390e+03   6.3444607e-24
   7.8456972e+03   6.3757652e-24
   7.8698295e+03   6.4072499e-24
   7.8940359e+03   6.4389159e-24
   7.9183169e+03   6.4707641e-24
   7.9426725e+03   6.5027954e-24
   7.9671030e+03   6.5350107e-24
   7.9916087e+03   6.5674111e-24
   8.0161898e+03   6.5999973e-24
   8.0408464e+03   6.6327704e-24
   8.0655789e+03   6.6657313e-24
   8.0903875e+03   6.6988809e-24
   8.1152724e+03   6.7322200e-24
   8.1402338e+03   6.7657496e-24
   8.1652720e+03   6.7994707e-24
   8.1903872e+03   6.8333839e-24
   8.2155797e+03   6.8674904e-24
   8.2408496e+03   6.9017908e-24
   8.2661973e+03   6.9362862e-24
   8.2916230e+03   6.9709773e-24
   8.3171268e+03   7.0058651e-24
   8.3427091e+03   7.0409502e-24
   8.3683701e+03   7.0762336e-24
   8.3941100e+03   7.1117161e-24
   8.4199291e+03   7.1473984e-24
   8.4458276e+03   7.1832814e-24
   8.4718058e+03   7.2193658e-24
   8.4978639e+03   7.2556524e-24
   8.5240021e+03   7.2921419e-24
   8.5502207e+03   7.3288351e-24
   8.5765200e+03   7.3657325e-24
   8.6029001e+03   7.4028350e-24
   8.6293614e+03   7.4401431e-24
   8.6559041e+03   7.4776576e-24
   8.6825285e+03   7.5153790e-24
   8.7092347e+03   7.5533079e-24
   8.7360231e+03   7.5914449e-24
   8.7628938e+03   7.6297905e-24
   8.7898472e+03   7.6683452e-24
   8.8168836e+03   7.7071096e-24
   8.8440030e+03   7.7460840e-24
   8.8712059e+03   7.7852688e-24
   8.8984925e+03   7.8246645e-24
   8.9258630e+03   7.8642713e-24
   8.9533177e+03   7.9040896e-24
   8.9808568e+03   7.9441197e-24
   9.0084807e+03   7.9843618e-24
   9.0361895e+03   8.0248158e-24
   9.0639835e+03   8.0654822e-24
   9.0918630e+03   8.1063608e-24
   9.1198283e+03   8.1474517e-24
   9.1478796e+03   8.1887550e-24
   9.1760172e+03   8.2302704e-24
   9.2042413e+03   8.2719977e-24
   9.2325522e+03   8.3139369e-24
   9.2609503e+03   8.3560876e-24
   9.2894356e+03   8.3984493e-24
   9.3180086e+03   8.4410218e-24
   9.3466695e+03   8.4838043e-24
   9.3754185e+03   8.5267965e-24
   9.4042560e+03   8.5699974e-24
   9.4331821e+03   8.6134064e-24
   9.4621973e+03   8.6570226e-24
   9.4913016e+03   8.7008450e-24
   9.5204955e+03   8.7448725e-24
   9.5497792e+03   8.7891039e-24
   9.5791530e+03   8.8335379e-24
   9.6086171e+03   8.8781730e-24
   9.6381718e+03   8.9230077e-24
   9.6678175e+03   8.9680403e-24
   9.6975543e+03   9.0132688e-24
   9.7273826e+03   9.0586914e-24
   9.7573027e+03   9.1043059e-24
   9.7873147e+03   9.1501099e-24
   9.8174191e+03   9.1961010e-24
   9.8476161e+03   9.2422764e-24
   9.8779060e+03   9.2886334e-24
   9.9082890e+03   9.3351689e-24
   9.9387655e+03   9.3818795e-24
   9.9693357e+03   9.4287618e-24
   1.0000000e+04   9.4758121e-24
